0.48	-2.18	3.32	542
0.44	-2.15	3.34	621
0.45	-2.19	3.32	643
0.44	-2.18	3.36	663
0.43	-2.14	3.38	685
0.47	-2.16	3.37	709
0.47	-2.16	3.37	731
0.46	-2.16	3.37	751
0.44	-2.15	3.36	774
0.44	-2.19	3.36	796
0.46	-2.16	3.36	819
0.46	-2.14	3.37	839
0.47	-2.13	3.38	862
0.44	-2.18	3.35	884
0.42	-2.15	3.35	907
0.47	-2.16	3.36	927
0.47	-2.14	3.41	949
0.46	-2.16	3.37	972
0.44	-2.16	3.37	994
0.42	-2.20	3.34	1015
0.43	-2.13	3.38	1038
0.45	-2.14	3.38	1061
0.43	-2.19	3.34	1084
0.44	-2.16	3.35	1104
0.45	-2.12	3.38	1131
0.48	-2.19	3.34	1155
0.41	-2.20	3.35	1176
0.44	-2.14	3.39	1197
0.46	-2.13	3.36	1222
0.46	-2.19	3.35	1246
0.43	-2.19	3.34	1267
0.44	-2.13	3.39	1288
0.47	-2.15	3.37	1312
0.43	-2.20	3.34	1335
0.46	-2.15	3.38	1356
0.48	-2.11	3.40	1378
0.46	-2.18	3.39	1401
0.44	-2.21	3.34	1425
0.44	-2.15	3.38	1445
0.47	-2.13	3.36	1467
0.46	-2.17	3.34	1490
0.45	-2.18	3.34	1514
0.45	-2.16	3.39	1536
0.46	-2.16	3.35	1556
0.46	-2.18	3.34	1581
0.46	-2.16	3.37	1604
0.47	-2.13	3.39	1625
0.45	-2.15	3.36	1650
0.45	-2.18	3.36	1674
0.46	-2.15	3.38	1695
0.44	-2.15	3.36	1717
0.46	-2.16	3.36	1739
0.46	-2.17	3.36	1763
0.42	-2.16	3.38	1785
0.47	-2.16	3.35	1807
0.46	-2.17	3.36	1829
0.46	-2.16	3.39	1853
0.46	-2.17	3.36	1874
0.47	-2.17	3.36	1896
0.46	-2.16	3.38	1918
0.45	-2.15	3.36	1942
0.45	-2.16	3.36	1965
0.45	-2.16	3.36	1986
0.46	-2.16	3.36	2009
0.45	-2.14	3.38	2032
0.45	-2.16	3.35	2055
0.45	-2.18	3.37	2075
0.47	-2.17	3.35	2098
0.46	-2.15	3.35	2122
0.46	-2.16	3.34	2144
0.45	-2.14	3.36	2169
0.44	-2.14	3.37	2192
0.46	-2.18	3.36	2214
0.46	-2.18	3.34	2236
0.46	-2.17	3.37	2258
0.48	-2.15	3.36	2281
0.44	-2.17	3.37	2304
0.44	-2.16	3.36	2326
0.45	-2.16	3.37	2349
0.46	-2.16	3.36	2371
0.44	-2.19	3.35	2394
0.47	-2.14	3.36	2415
0.46	-2.15	3.35	2438
0.47	-2.19	3.33	2460
0.46	-2.19	3.34	2483
0.46	-2.14	3.38	2505
0.41	-2.16	3.36	2528
0.44	-2.16	3.36	2550
0.47	-2.16	3.36	2573
0.48	-2.16	3.35	2594
0.45	-2.18	3.34	2618
0.40	-2.14	3.35	2639
0.46	-2.18	3.35	2662
0.46	-2.17	3.34	2684
0.48	-2.17	3.35	2712
0.44	-2.14	3.37	2755
0.45	-2.16	3.35	2779
0.45	-2.16	3.36	2802
0.46	-2.14	3.38	2825
0.46	-2.16	3.35	2846
0.46	-2.17	3.36	2870
0.44	-2.18	3.35	2893
0.45	-2.17	3.35	2916
0.48	-2.17	3.36	2937
0.44	-2.16	3.36	2960
0.46	-2.16	3.37	2983
0.46	-2.15	3.37	3006
0.45	-2.18	3.34	3026
0.46	-2.18	3.36	3049
0.45	-2.14	3.36	3073
0.47	-2.13	3.36	3095
0.46	-2.19	3.35	3117
0.45	-2.16	3.34	3139
0.46	-2.15	3.38	3163
0.46	-2.14	3.38	3185
0.45	-2.19	3.35	3206
0.46	-2.16	3.35	3228
0.47	-2.16	3.36	3255
0.46	-2.16	3.35	3276
0.46	-2.19	3.34	3298
0.44	-2.16	3.39	3322
0.45	-2.14	3.38	3346
0.47	-2.17	3.36	3368
0.45	-2.18	3.35	3394
0.47	-2.17	3.37	3417
0.46	-2.18	3.36	3438
0.47	-2.19	3.36	3462
0.46	-2.16	3.37	3484
0.47	-2.14	3.36	3507
0.46	-2.16	3.35	3529
0.46	-2.18	3.35	3552
0.47	-2.17	3.37	3573
0.46	-2.17	3.35	3596
0.46	-2.17	3.35	3618
0.46	-2.17	3.35	3641
0.48	-2.16	3.35	3663
0.46	-2.16	3.35	3686
0.47	-2.18	3.34	3708
0.47	-2.16	3.36	3731
0.44	-2.16	3.38	3753
0.46	-2.16	3.34	3778
0.44	-2.18	3.36	3802
0.46	-2.15	3.35	3824
0.46	-2.13	3.34	3845
0.45	-2.16	3.37	3868
0.47	-2.19	3.36	3892
0.44	-2.15	3.35	3913
0.47	-2.17	3.36	3935
0.44	-2.17	3.34	3957
0.45	-2.17	3.36	3981
0.45	-2.16	3.37	4003
0.47	-2.15	3.36	4025
0.48	-2.18	3.35	4047
0.46	-2.17	3.36	4071
0.46	-2.16	3.38	4093
0.46	-2.16	3.34	4115
0.45	-2.18	3.37	4137
0.46	-2.16	3.37	4161
0.48	-2.14	3.38	4184
0.46	-2.18	3.36	4204
0.45	-2.19	3.36	4227
0.47	-2.15	3.35	4251
0.48	-2.16	3.36	4273
0.47	-2.18	3.36	4294
0.46	-2.17	3.36	4321
0.45	-2.17	3.34	4344
0.45	-2.14	3.19	4366
0.40	-2.07	2.76	4386
0.31	-2.00	4.45	4411
0.39	-1.99	2.83	4434
0.75	-2.16	3.26	4455
0.40	-2.02	3.55	4476
0.44	-2.13	3.14	4500
0.41	-2.09	3.46	4524
0.42	-2.61	2.94	4545
0.62	-2.35	3.26	4567
0.43	-1.72	3.62	4590
0.57	-2.68	3.45	4614
0.20	-1.64	3.48	4635
-0.22	-2.53	3.44	4657
0.17	-2.12	3.52	4680
-0.18	-2.07	3.38	4705
0.86	-2.92	3.40	4726
0.21	-2.07	3.55	4747
0.05	-2.20	3.34	4771
0.26	-2.29	3.38	4795
0.27	-2.37	3.28	4815
0.20	-2.20	3.30	4841
0.21	-2.20	3.38	4865
0.22	-2.13	3.61	4887
0.20	-2.18	3.29	4908
0.20	-2.16	3.37	4931
0.20	-2.15	3.43	4955
0.21	-2.16	3.40	4976
0.28	-2.25	3.29	4998
0.19	-2.20	3.36	5020
0.20	-2.18	3.39	5044
0.20	-1.88	3.55	5066
0.08	-2.26	3.12	5088
0.13	-2.23	3.38	5110
0.21	-2.26	3.34	5134
0.25	-2.32	3.28	5156
0.25	-2.23	3.29	5179
0.20	-2.21	3.34	5223
0.21	-2.23	3.36	5248
0.19	-2.22	3.33	5270
0.20	-2.21	3.37	5292
0.18	-2.41	3.11	5314
0.25	-2.28	3.29	5339
0.18	-2.24	3.37	5361
0.19	-2.21	3.35	5386
0.17	-2.24	3.34	5409
0.20	-2.21	3.35	5432
0.20	-2.22	3.35	5453
0.20	-2.22	3.34	5477
0.21	-2.23	3.35	5500
0.20	-2.21	3.35	5523
0.21	-2.23	3.36	5545
0.20	-2.23	3.33	5568
0.20	-2.23	3.33	5591
0.19	-2.15	3.35	5613
0.28	-2.25	3.34	5635
0.17	-2.23	3.38	5657
0.19	-2.22	3.35	5680
0.20	-2.21	3.33	5702
0.21	-2.23	3.33	5725
0.20	-2.39	3.46	5747
0.18	-2.15	3.37	5770
0.16	-2.14	3.38	5792
0.19	-2.32	3.37	5814
0.21	-2.22	3.41	5836
0.14	-2.21	3.37	5859
0.11	-2.24	3.36	5881
0.07	-2.18	3.50	5907
0.17	-2.09	3.76	5929
-0.19	-2.55	3.42	5951
1.04	-1.86	2.77	5974
1.04	-2.11	3.63	5997
0.18	-2.13	3.34	6020
0.62	-2.21	3.20	6040
0.58	-2.34	3.32	6063
0.52	-2.21	3.42	6086
0.50	-2.20	3.25	6109
0.55	-2.21	3.32	6131
0.54	-2.23	3.33	6158
0.52	-2.22	3.31	6180
0.52	-2.21	3.32	6204
0.51	-2.22	3.32	6226
0.53	-2.22	3.33	6249
0.51	-2.23	3.33	6272
0.52	-2.21	3.31	6294
0.52	-2.21	3.34	6317
0.52	-2.21	3.30	6339
0.53	-2.21	3.31	6361
0.53	-2.21	3.31	6383
0.52	-2.21	3.34	6406
0.53	-2.21	3.31	6428
0.53	-2.20	3.32	6455
0.52	-2.22	3.29	6476
0.52	-2.21	3.34	6498
0.52	-2.20	3.32	6520
0.53	-2.20	3.31	6544
0.51	-2.21	3.32	6565
0.52	-2.22	3.30	6587
0.52	-2.21	3.29	6609
0.52	-2.22	3.30	6633
0.52	-2.21	3.31	6656
0.53	-2.23	3.32	6677
0.52	-2.21	3.32	6700
0.53	-2.21	3.31	6723
0.53	-2.20	3.31	6746
0.52	-2.22	3.32	6766
0.52	-2.20	3.35	6789
0.54	-2.21	3.31	6812
0.53	-2.21	3.35	6835
0.53	-2.21	3.35	6856
0.52	-2.20	3.34	6879
0.52	-2.21	3.32	6902
0.50	-2.21	3.32	6925
0.52	-2.21	3.32	6945
0.53	-2.20	3.31	6967
0.52	-2.22	3.33	6990
0.51	-2.21	3.34	7013
0.53	-2.19	3.33	7033
0.52	-2.22	3.34	7057
0.52	-2.20	3.33	7080
0.53	-2.20	3.32	7102
0.53	-2.21	3.31	7123
0.52	-2.21	3.32	7146
0.52	-2.21	3.29	7170
0.51	-2.23	3.32	7192
0.50	-2.23	3.33	7213
0.52	-2.20	3.31	7235
0.51	-2.21	3.32	7260
0.52	-2.22	3.31	7281
0.52	-2.22	3.32	7303
0.53	-2.22	3.32	7325
0.52	-2.22	3.32	7349
0.51	-2.21	3.32	7371
0.52	-2.21	3.31	7392
0.51	-2.20	3.32	7414
0.51	-2.22	3.32	7438
0.52	-2.21	3.33	7460
0.53	-2.21	3.32	7484
0.52	-2.21	3.33	7508
0.54	-2.20	3.32	7532
0.52	-2.21	3.32	7554
0.52	-2.20	3.33	7574
0.54	-2.21	3.31	7599
0.54	-2.21	3.34	7622
0.53	-2.22	3.31	7645
0.52	-2.23	3.31	7687
0.53	-2.20	3.31	7712
0.51	-2.21	3.32	7736
0.51	-2.21	3.33	7757
0.51	-2.20	3.33	7779
0.51	-2.21	3.31	7803
0.53	-2.21	3.32	7827
0.52	-2.21	3.30	7848
0.52	-2.23	3.32	7870
0.51	-2.21	3.30	7894
0.52	-2.21	3.33	7917
0.52	-2.22	3.34	7939
0.52	-2.21	3.33	7959
0.53	-2.20	3.32	7984
0.53	-2.22	3.32	8006
0.52	-2.21	3.34	8030
0.53	-2.20	3.32	8053
0.52	-2.22	3.31	8077
0.51	-2.23	3.32	8099
0.51	-2.22	3.32	8120
0.52	-2.21	3.32	8142
0.53	-2.21	3.33	8166
0.52	-2.21	3.33	8188
0.52	-2.22	3.32	8210
0.52	-2.21	3.33	8232
0.52	-2.20	3.32	8256
0.53	-2.20	3.32	8278
0.53	-2.21	3.31	8299
0.52	-2.22	3.31	8322
0.52	-2.20	3.30	8345
0.52	-2.21	3.31	8368
0.52	-2.21	3.30	8389
0.51	-2.22	3.31	8412
0.53	-2.21	3.32	8435
0.52	-2.21	3.31	8458
0.54	-2.22	3.31	8478
0.55	-2.22	3.30	8501
0.52	-2.21	3.31	8525
0.51	-2.21	3.32	8547
0.52	-2.21	3.32	8572
0.52	-2.21	3.32	8595
0.52	-2.22	3.32	8617
0.51	-2.21	3.33	8639
0.52	-2.21	3.32	8662
0.53	-2.22	3.32	8684
0.52	-2.20	3.32	8707
0.53	-2.21	3.33	8729
0.51	-2.21	3.31	8752
0.53	-2.21	3.34	8773
0.52	-2.21	3.32	8797
0.53	-2.21	3.34	8818
0.51	-2.20	3.32	8841
0.53	-2.21	3.32	8863
0.54	-2.21	3.31	8887
0.53	-2.21	3.32	8913
0.52	-2.22	3.32	8935
0.51	-2.21	3.32	8958
0.51	-2.21	3.33	8982
0.52	-2.20	3.35	9005
0.52	-2.21	3.32	9026
0.52	-2.21	3.34	9049
0.53	-2.21	3.33	9072
0.52	-2.23	3.31	9097
0.51	-2.22	3.33	9119
0.51	-2.22	3.32	9142
0.52	-2.21	3.32	9164
0.52	-2.21	3.32	9187
0.53	-2.21	3.32	9209
0.52	-2.19	3.32	9231
0.51	-2.21	3.31	9253
0.52	-2.22	3.31	9276
0.52	-2.22	3.32	9298
0.51	-2.21	3.33	9321
0.53	-2.22	3.30	9344
0.51	-2.21	3.33	9366
0.51	-2.21	3.31	9389
0.52	-2.21	3.35	9410
0.53	-2.21	3.32	9433
0.50	-2.22	3.32	9455
0.52	-2.21	3.32	9478
0.54	-2.22	3.33	9500
0.50	-2.21	3.33	9523
0.50	-2.22	3.32	9545
0.52	-2.22	3.30	9568
0.52	-2.22	3.32	9590
0.52	-2.21	3.31	9615
0.52	-2.23	3.32	9639
0.52	-2.21	3.31	9662
0.54	-2.22	3.32	9683
0.51	-2.22	3.32	9706
0.52	-2.21	3.32	9731
0.53	-2.22	3.34	9753
0.54	-2.21	3.32	9775
0.52	-2.22	3.33	9797
0.52	-2.20	3.32	9821
0.52	-2.21	3.32	9843
0.52	-2.22	3.32	9864
0.51	-2.21	3.31	9886
0.52	-2.20	3.34	9910
0.53	-2.22	3.34	9932
0.54	-2.21	3.31	9954
0.51	-2.21	3.32	9976
0.52	-2.21	3.32	10000
0.52	-2.22	3.30	10022
0.52	-2.21	3.31	10044
0.51	-2.20	3.33	10066
0.53	-2.21	3.31	10091
0.52	-2.20	3.32	10115
0.52	-2.22	3.33	10160
0.52	-2.21	3.32	10185
0.52	-2.21	3.32	10209
0.52	-2.21	3.32	10230
0.52	-2.21	3.32	10252
0.52	-2.20	3.33	10277
0.51	-2.22	3.31	10301
0.52	-2.20	3.32	10322
0.53	-2.21	3.33	10344
0.52	-2.22	3.32	10369
0.51	-2.21	3.31	10392
0.52	-2.22	3.33	10414
0.50	-2.21	3.31	10435
0.52	-2.20	3.32	10460
0.51	-2.20	3.32	10483
0.52	-2.22	3.31	10505
0.51	-2.22	3.30	10526
0.52	-2.22	3.32	10551
0.52	-2.21	3.34	10574
0.51	-2.21	3.32	10596
0.52	-2.20	3.32	10617
0.51	-2.21	3.32	10642
0.52	-2.21	3.31	10668
0.51	-2.21	3.31	10690
0.52	-2.21	3.31	10713
0.51	-2.21	3.32	10736
0.52	-2.22	3.32	10759
0.52	-2.21	3.34	10780
0.50	-2.21	3.31	10804
0.52	-2.21	3.31	10827
0.54	-2.21	3.32	10850
0.52	-2.21	3.33	10871
0.54	-2.22	3.32	10895
0.52	-2.21	3.31	10918
0.53	-2.21	3.32	10941
0.53	-2.22	3.32	10962
0.52	-2.21	3.32	10986
0.53	-2.20	3.32	11010
0.52	-2.21	3.32	11032
0.52	-2.21	3.33	11054
0.52	-2.21	3.32	11077
0.53	-2.21	3.32	11101
0.52	-2.21	3.32	11123
0.52	-2.21	3.32	11145
0.52	-2.21	3.32	11168
0.52	-2.22	3.31	11194
0.52	-2.20	3.31	11216
0.52	-2.22	3.31	11240
0.53	-2.22	3.34	11262
0.52	-2.21	3.31	11285
0.53	-2.21	3.32	11308
0.52	-2.21	3.34	11331
0.52	-2.22	3.32	11354
0.51	-2.20	3.31	11376
0.52	-2.21	3.31	11399
0.53	-2.20	3.33	11422
0.51	-2.22	3.30	11445
0.52	-2.21	3.32	11467
0.52	-2.21	3.32	11490
0.52	-2.21	3.31	11513
0.52	-2.22	3.32	11536
0.52	-2.21	3.32	11558
0.52	-2.20	3.32	11581
0.52	-2.21	3.33	11604
0.53	-2.21	3.32	11627
0.52	-2.20	3.32	11651
0.52	-2.21	3.32	11678
0.52	-2.21	3.31	11707
0.53	-2.22	3.32	11728
0.53	-2.22	3.30	11751
0.52	-2.22	3.33	11776
0.53	-2.21	3.31	11799
0.52	-2.20	3.30	11821
0.52	-2.21	3.30	11843
0.52	-2.20	3.32	11868
0.52	-2.20	3.33	11890
0.50	-2.22	3.31	11912
0.52	-2.20	3.31	11934
0.53	-2.21	3.32	11959
0.52	-2.21	3.30	11981
0.52	-2.21	3.32	12003
0.52	-2.21	3.31	12025
0.52	-2.21	3.32	12050
0.51	-2.23	3.32	12072
0.53	-2.22	3.31	12094
0.51	-2.21	3.30	12116
0.52	-2.22	3.33	12141
0.54	-2.22	3.33	12164
0.52	-2.21	3.31	12185
0.54	-2.20	3.32	12212
0.51	-2.19	3.32	12235
0.53	-2.21	3.31	12257
0.51	-2.21	3.31	12278
0.53	-2.21	3.33	12303
0.52	-2.22	3.32	12326
0.51	-2.20	3.32	12348
0.51	-2.21	3.32	12369
0.50	-2.21	3.31	12394
0.52	-2.21	3.32	12418
0.52	-2.21	3.32	12439
0.50	-2.20	3.32	12461
0.53	-2.20	3.30	12485
0.52	-2.19	3.31	12509
0.52	-2.21	3.32	12531
0.51	-2.22	3.32	12553
0.52	-2.20	3.32	12576
0.54	-2.22	3.31	12601
0.52	-2.21	3.33	12623
0.54	-2.21	3.31	12666
0.50	-2.21	3.32	12691
0.51	-2.20	3.32	12716
0.53	-2.15	3.34	12739
0.53	-2.25	3.32	12763
0.50	-2.23	3.32	12787
0.53	-2.21	3.31	12811
0.52	-2.21	3.35	12832
0.51	-2.21	3.33	12855
0.53	-2.22	3.32	12879
0.53	-2.21	3.32	12902
0.52	-2.21	3.32	12923
0.52	-2.20	3.35	12946
0.50	-2.20	3.34	12971
0.53	-2.21	3.27	12993
0.53	-2.20	3.32	13015
0.54	-2.21	3.32	13037
0.54	-2.21	3.32	13062
0.54	-2.24	3.36	13084
0.53	-2.24	3.38	13106
0.52	-2.22	3.31	13128
0.52	-2.21	3.32	13153
0.52	-2.22	3.36	13175
0.50	-2.18	3.34	13197
0.51	-2.20	3.34	13220
0.53	-2.22	3.31	13244
0.52	-2.22	3.32	13270
0.52	-2.21	3.35	13292
0.52	-2.21	3.34	13316
0.53	-2.21	3.31	13338
0.53	-2.20	3.34	13361
0.52	-2.23	3.36	13383
0.51	-2.21	3.34	13407
0.52	-2.19	3.34	13429
0.52	-2.20	3.32	13452
0.50	-2.21	3.31	13474
0.54	-2.20	3.30	13498
0.51	-2.20	3.28	13520
0.54	-2.22	3.30	13543
0.52	-2.22	3.30	13565
0.51	-2.21	3.32	13589
0.51	-2.21	3.32	13612
0.52	-2.23	3.32	13634
0.53	-2.19	3.34	13657
0.51	-2.19	3.32	13679
0.50	-2.22	3.29	13703
0.52	-2.21	3.32	13725
0.54	-2.22	3.32	13748
0.52	-2.23	3.31	13773
0.50	-2.23	3.31	13796
0.53	-2.21	3.31	13821
0.52	-2.21	3.31	13845
0.52	-2.24	3.28	13867
0.52	-2.21	3.31	13889
0.51	-2.18	3.31	13914
0.52	-2.20	3.30	13937
0.53	-2.22	3.32	13959
0.53	-2.22	3.29	13981
0.53	-2.20	3.33	14005
0.52	-2.20	3.32	14028
0.50	-2.23	3.31	14050
0.50	-2.21	3.29	14072
0.50	-2.23	3.31	14096
0.52	-2.22	3.34	14119
0.50	-2.32	3.32	14141
0.53	-2.32	3.18	14163
0.35	-2.29	3.10	14187
0.71	-2.30	3.46	14210
0.56	-1.93	3.14	14231
0.69	-2.11	3.43	14255
0.63	-2.29	3.22	14282
0.57	-2.32	3.41	14304
