-0.076	-0.007	1.006	1038
-0.073	0.012	1.001	1169
-0.077	0.013	0.998	1193
-0.079	0.007	1.003	1218
-0.075	0.007	0.995	1240
-0.075	0.003	1.006	1264
-0.073	0.023	0.900	1290
-0.038	-0.001	1.105	1313
-0.001	0.072	0.964	1336
0.063	0.075	0.942	1359
-0.123	0.218	0.942	1384
-0.034	0.117	1.187	1408
-0.116	0.026	0.944	1430
0.063	0.097	0.999	1454
-0.055	0.083	0.887	1478
-0.125	0.522	0.678	1502
-0.100	0.350	1.270	1524
0.108	-0.106	0.560	1548
-0.312	0.308	1.092	1572
0.470	0.479	0.951	1596
-0.320	0.224	0.971	1622
-0.038	0.332	0.972	1645
0.014	0.319	1.064	1669
-0.021	0.347	0.782	1692
-0.104	0.280	0.985	1717
-0.026	0.281	1.017	1741
-0.063	0.318	0.885	1765
-0.086	0.289	0.921	1788
-0.031	0.216	1.089	1812
-0.035	0.298	0.882	1836
-0.079	0.284	0.967	1859
-0.018	0.287	1.009	1883
-0.058	0.253	0.896	1906
-0.054	0.286	0.991	1930
-0.064	0.266	1.025	1953
0.027	0.366	0.953	1977
-0.018	0.306	0.904	2000
-0.051	0.300	0.976	2024
-0.004	0.360	0.968	2048
-0.058	0.270	0.944	2071
-0.035	0.297	0.964	2096
-0.061	0.323	0.956	2121
-0.043	0.312	0.968	2145
-0.053	0.313	0.915	2169
-0.063	0.316	0.996	2193
-0.046	0.314	0.930	2215
-0.061	0.325	0.893	2239
-0.056	0.321	0.939	2264
-0.081	0.271	1.052	2288
-0.057	0.217	0.938	2310
-0.049	0.278	0.982	2334
-0.039	0.290	0.955	2359
-0.050	0.289	0.960	2382
-0.043	0.289	0.958	2405
-0.045	0.277	0.968	2428
-0.057	0.271	0.961	2453
-0.043	0.331	0.934	2477
-0.044	0.309	0.966	2499
-0.047	0.304	0.951	2523
-0.036	0.282	0.996	2548
-0.045	0.360	0.938	2572
-0.087	0.408	0.925	2596
-0.063	0.317	0.961	2622
-0.042	0.312	0.966	2646
-0.046	0.313	0.937	2668
-0.045	0.312	0.953	2691
-0.039	0.309	0.962	2716
-0.043	0.307	0.950	2740
-0.043	0.330	0.922	2762
-0.069	0.305	0.968	2785
-0.058	0.310	0.962	2810
-0.054	0.316	0.938	2835
-0.031	0.315	0.964	2857
-0.072	0.204	0.990	2879
-0.048	0.278	0.917	2905
-0.029	0.272	0.997	2929
-0.040	0.306	0.930	2952
-0.144	0.303	0.920	2974
0.054	0.267	0.979	2999
-0.010	0.313	0.991	3023
-0.076	0.198	1.027	3046
0.046	0.287	0.958	3067
-0.117	0.221	0.973	3096
-0.070	0.099	0.979	3120
0.022	0.152	0.967	3142
-0.038	0.064	1.028	3166
0.011	0.157	0.968	3190
-0.121	0.131	0.987	3214
-0.083	0.152	0.965	3237
-0.056	0.138	0.960	3282
-0.085	0.104	1.026	3309
-0.051	0.098	0.968	3333
-0.055	0.063	1.040	3355
0.033	0.093	1.032	3379
-0.060	0.063	0.991	3404
-0.055	0.052	1.027	3429
-0.046	0.060	0.993	3451
-0.057	0.155	0.959	3475
0.041	-0.033	1.038	3500
-0.163	0.004	0.976	3523
-0.070	0.038	1.028	3546
-0.086	0.025	0.998	3569
-0.036	0.031	0.992	3597
-0.045	0.030	1.006	3620
-0.045	0.027	1.010	3645
-0.044	0.030	1.005	3668
-0.043	0.039	1.003	3693
-0.051	0.031	0.986	3717
-0.054	0.029	1.001	3740
-0.060	0.051	1.003	3764
-0.052	0.028	1.006	3787
-0.053	0.024	0.991	3811
-0.058	0.030	1.000	3834
-0.056	0.031	0.996	3858
-0.049	0.023	1.000	3883
-0.056	0.028	0.998	3906
-0.061	0.035	0.985	3930
-0.072	0.032	1.012	3953
-0.058	0.032	1.004	3977
-0.040	0.037	0.993	4000
-0.055	0.034	0.993	4025
-0.048	0.026	1.007	4048
-0.051	0.026	1.005	4074
-0.043	0.031	1.003	4104
-0.054	0.024	1.009	4125
-0.047	0.022	1.003	4150
-0.050	0.021	1.004	4175
-0.048	0.031	0.999	4199
-0.060	0.022	1.007	4221
-0.051	0.023	0.996	4245
-0.058	0.034	1.000	4270
-0.055	0.061	1.255	4293
-0.103	0.036	1.007	4316
-0.054	0.047	0.907	4339
-0.052	0.030	0.961	4365
-0.057	0.024	0.997	4388
-0.057	0.027	0.982	4411
-0.050	0.028	1.014	4434
-0.051	0.035	1.001	4460
-0.052	0.031	1.007	4484
-0.052	0.029	0.995	4506
-0.049	0.017	0.998	4530
-0.052	0.020	0.996	4555
-0.045	0.021	1.006	4581
-0.052	0.027	0.998	4604
-0.051	0.027	1.003	4628
-0.054	0.023	0.997	4653
-0.052	0.028	1.011	4676
-0.050	0.023	1.006	4700
-0.054	0.028	0.992	4723
-0.053	0.024	0.997	4747
-0.054	0.028	1.001	4770
-0.056	0.033	1.001	4795
-0.054	0.954	0.617	4818
-0.385	-0.037	0.650	4843
0.399	-0.152	0.596	4867
-0.166	0.116	0.839	4890
-0.097	-0.030	0.998	4914
-0.064	0.195	1.021	4937
-0.064	0.037	1.023	4961
-0.022	-0.024	1.082	4985
-0.014	0.171	0.938	5009
-0.002	-0.021	1.187	5033
-0.071	-0.293	1.230	5057
-0.071	-0.359	1.008	5085
-0.082	-0.208	0.853	5108
-0.011	-0.195	0.831	5132
-0.035	-0.255	0.815	5157
0.056	-0.155	0.874	5181
0.081	-0.194	1.005	5203
0.081	-0.208	1.015	5227
0.055	-0.011	0.981	5252
-0.002	0.126	0.960	5275
-0.085	0.048	1.081	5298
-0.111	0.010	1.048	5322
-0.024	-0.073	0.986	5347
0.038	0.018	0.998	5370
-0.054	0.047	0.994	5393
-0.016	0.046	1.023	5416
-0.051	0.100	1.022	5442
-0.039	0.081	1.009	5466
-0.035	0.042	0.973	5488
-0.025	-0.038	1.056	5512
-0.023	0.101	0.969	5537
-0.056	0.040	1.014	5563
-0.025	0.016	0.997	5585
-0.070	0.091	0.875	5612
0.046	-0.053	1.045	5637
0.280	-0.196	0.950	5659
-0.012	0.565	1.885	5682
-0.068	-0.325	0.785	5708
-0.423	-0.096	1.028	5733
-0.050	0.149	0.985	5755
-0.063	0.146	0.997	5778
0.063	0.073	1.003	5804
0.026	-0.003	1.003	5828
0.033	0.001	1.013	5851
0.027	0.015	1.003	5895
0.022	-0.006	0.998	5920
0.027	-0.006	0.995	5946
0.026	0.019	1.014	5967
-0.193	-0.525	1.006	5990
0.133	-0.753	1.010	6017
-0.117	0.083	1.010	6042
-0.009	0.020	1.006	6065
0.023	-0.001	1.000	6090
0.019	0.011	1.003	6115
0.015	0.017	0.998	6138
0.022	-0.036	1.006	6160
0.044	-0.086	1.011	6184
0.090	0.016	1.015	6209
0.052	0.009	0.993	6232
0.011	-0.019	1.006	6254
0.043	0.002	1.019	6278
0.026	0.015	0.996	6302
0.020	0.015	1.000	6326
0.020	0.014	1.003	6347
0.022	-0.004	1.004	6371
0.029	0.011	1.006	6395
0.031	-0.001	1.006	6419
0.031	-0.004	1.004	6441
0.024	0.013	1.002	6465
0.022	0.013	1.006	6490
0.023	-0.013	1.007	6513
0.021	0.005	1.004	6536
0.021	0.015	1.005	6559
0.021	0.001	1.006	6586
0.031	-0.003	0.998	6609
0.027	0.003	1.009	6633
0.025	0.010	1.006	6656
0.023	0.004	1.002	6679
0.027	0.000	1.011	6703
0.027	0.004	1.005	6726
0.021	0.004	1.000	6749
0.023	0.004	1.007	6772
0.026	-0.002	1.006	6796
0.021	0.003	0.994	6819
0.032	0.011	1.007	6843
0.031	0.006	1.003	6866
0.021	-0.001	1.001	6889
0.027	0.002	1.003	6913
0.021	0.002	1.004	6936
0.030	0.009	1.004	6961
0.020	0.003	1.004	6988
0.024	0.004	1.013	7010
0.025	0.004	0.997	7034
0.026	0.005	1.001	7060
0.025	0.006	1.005	7086
0.020	0.008	0.999	7109
0.019	0.005	1.000	7132
0.023	0.004	1.006	7155
0.023	0.008	0.996	7179
0.022	-0.004	1.008	7202
0.025	0.009	1.002	7225
0.021	0.015	1.001	7248
0.025	0.002	1.000	7272
0.032	-0.003	1.001	7296
0.020	0.014	1.005	7319
0.021	0.003	0.996	7342
0.021	0.008	1.003	7365
0.028	0.006	1.002	7389
0.023	0.012	0.996	7411
0.023	0.008	1.016	7435
0.019	0.002	1.007	7458
0.026	0.010	1.002	7482
0.026	0.002	1.006	7504
0.024	0.009	1.008	7528
0.025	0.008	1.000	7552
0.018	0.010	1.003	7578
0.023	0.000	1.019	7601
0.033	0.012	1.003	7624
0.026	0.001	1.005	7649
0.027	0.009	0.999	7672
0.028	0.012	0.999	7695
0.021	0.016	1.005	7718
0.025	0.006	1.002	7743
0.024	0.011	1.003	7767
0.026	0.004	1.007	7788
0.026	0.009	1.008	7812
0.022	0.002	1.005	7836
0.023	0.005	1.005	7860
0.020	0.009	1.002	7881
0.021	0.004	1.006	7905
0.021	-0.001	1.014	7930
0.021	0.012	1.005	7953
0.025	0.002	0.998	7975
0.031	0.004	1.003	7999
0.026	0.003	1.003	8024
0.021	0.007	0.999	8046
0.024	0.005	1.002	8070
0.023	0.012	0.999	8095
0.022	-0.003	1.002	8120
0.021	0.000	0.994	8141
0.025	0.003	1.004	8164
0.022	0.004	1.003	8188
0.020	0.005	1.003	8213
0.028	0.007	1.007	8235
0.026	0.005	1.007	8257
0.021	0.006	1.006	8282
0.025	0.004	1.006	8306
0.025	0.001	1.008	8328
0.021	0.001	1.001	8350
0.030	0.001	1.004	8375
0.028	0.014	1.003	8399
0.023	0.007	1.007	8423
0.021	0.002	1.012	8466
0.026	0.009	1.015	8492
0.024	0.002	1.000	8516
0.021	-0.001	1.001	8539
0.027	0.004	1.006	8560
0.021	0.001	1.006	8587
0.028	0.001	1.002	8613
0.022	0.012	1.000	8636
0.024	0.003	1.006	8659
0.024	0.002	1.001	8684
0.021	0.006	1.005	8707
0.027	0.007	1.000	8729
0.025	0.009	0.999	8753
0.024	0.008	0.999	8777
0.022	0.007	1.002	8800
0.028	0.008	0.999	8822
0.026	0.009	0.998	8846
0.024	0.001	0.993	8870
0.023	-0.001	0.995	8893
0.022	0.007	1.001	8915
0.024	0.010	1.001	8939
0.024	0.002	1.004	8964
0.020	0.007	1.003	8986
0.029	0.009	1.004	9009
0.025	0.003	1.007	9032
0.023	0.002	1.006	9057
0.022	0.011	0.999	9080
0.022	0.004	1.013	9106
0.027	0.007	1.005	9129
0.021	0.001	1.005	9152
0.024	-0.001	1.007	9176
0.016	0.006	1.005	9199
0.023	0.005	1.003	9223
0.027	0.005	1.003	9246
0.021	0.011	0.999	9269
0.021	0.012	0.997	9292
0.024	0.007	1.002	9316
0.026	0.001	1.006	9339
0.024	0.000	0.997	9362
0.024	0.004	1.004	9385
0.022	0.007	1.006	9409
0.024	0.007	0.992	9433
0.022	0.004	0.998	9455
0.021	0.008	1.001	9479
0.021	-0.004	1.002	9502
0.026	0.007	1.006	9526
0.025	0.004	1.003	9548
0.027	0.002	1.001	9572
0.024	0.006	1.000	9597
0.023	0.004	0.997	9621
0.023	0.005	1.005	9647
0.025	0.005	0.996	9670
0.022	0.007	1.004	9693
0.023	0.005	1.006	9715
0.027	0.009	1.005	9741
0.024	0.007	1.004	9764
0.023	0.003	1.003	9788
0.023	0.000	1.004	9816
0.027	0.004	1.007	9841
0.029	-0.003	1.002	9865
0.025	-0.002	1.008	9887
0.021	0.009	1.003	9911
0.024	0.004	1.005	9936
0.024	0.005	1.004	9959
0.026	0.013	1.011	9981
0.021	0.004	1.002	10005
0.024	0.005	0.998	10030
0.028	0.000	1.005	10053
0.027	0.012	1.006	10076
0.025	0.008	1.013	10103
0.022	0.009	1.002	10128
0.024	0.008	1.006	10150
0.028	0.004	1.008	10173
0.024	0.005	1.002	10198
0.023	0.000	1.005	10222
0.028	0.009	1.003	10245
0.022	0.012	1.004	10267
0.022	0.004	0.993	10292
0.021	-0.001	1.003	10317
0.028	0.005	1.007	10340
0.021	0.006	1.006	10361
0.021	0.003	1.003	10387
0.024	0.002	0.999	10412
0.028	0.009	1.004	10434
0.023	0.000	1.001	10457
0.022	0.008	1.005	10481
0.021	0.006	1.005	10506
0.024	0.010	1.003	10528
0.024	0.001	1.006	10551
0.021	0.011	1.006	10576
0.023	0.005	0.993	10603
0.025	0.009	1.006	10626
0.019	0.011	1.013	10649
0.023	0.013	0.998	10674
0.024	0.005	1.006	10697
0.023	0.004	0.999	10720
0.026	0.005	1.009	10743
0.027	0.010	1.006	10769
0.020	0.013	1.017	10791
0.027	0.008	1.003	10814
0.025	0.005	1.003	10838
0.024	0.008	0.997	10863
0.024	0.004	0.999	10887
0.021	0.011	0.995	10909
0.028	0.001	0.999	10933
0.026	0.003	1.002	10957
0.026	0.010	1.008	10981
0.025	-0.001	1.004	11005
0.025	0.006	0.999	11049
0.022	0.001	1.002	11075
0.025	0.009	1.003	11102
0.025	0.003	1.003	11125
0.021	0.007	1.004	11149
0.021	0.000	1.008	11173
0.024	0.010	1.007	11197
0.020	0.011	1.003	11222
0.027	0.004	1.006	11244
0.026	-0.001	1.003	11269
0.025	0.005	1.000	11292
0.024	0.006	1.006	11316
0.026	0.002	1.003	11339
0.024	0.003	1.006	11363
0.024	0.011	1.002	11386
0.024	0.001	1.003	11411
0.024	0.000	0.999	11435
0.023	0.005	1.003	11458
0.025	0.002	1.004	11482
0.021	0.002	1.004	11505
0.027	0.014	1.001	11529
0.029	0.000	1.002	11552
0.024	0.005	1.006	11580
0.024	0.001	1.002	11603
0.029	0.002	0.994	11626
0.021	-0.002	1.001	11651
0.027	-0.001	1.007	11676
0.024	0.012	1.005	11700
0.023	0.010	1.002	11722
0.025	0.004	1.000	11746
0.021	0.002	1.010	11771
0.022	0.011	1.006	11795
0.027	0.005	0.993	11817
0.030	0.003	1.001	11841
0.026	0.011	0.996	11866
0.020	0.011	0.997	11889
0.029	0.006	1.004	11912
0.024	0.002	1.002	11935
0.021	0.000	1.006	11960
0.021	0.007	1.011	11984
0.024	0.006	1.002	12006
0.024	0.008	1.004	12030
0.021	0.010	0.998	12055
0.024	0.001	1.003	12082
0.021	0.005	1.002	12103
0.022	0.006	1.003	12129
0.028	0.009	1.002	12153
0.021	0.012	1.003	12176
0.023	0.000	0.994	12198
0.024	0.008	1.001	12224
0.029	0.010	1.002	12249
0.024	0.007	0.996	12271
0.021	0.005	1.006	12293
0.022	0.005	1.005	12318
0.025	0.009	1.002	12343
0.025	0.001	1.010	12365
0.021	0.007	1.009	12388
0.022	0.007	1.006	12413
0.026	0.003	1.011	12438
0.026	0.005	0.997	12460
0.023	0.006	1.004	12482
0.024	0.003	1.001	12508
0.021	0.006	1.005	12532
0.022	0.004	1.001	12558
0.024	0.010	1.001	12581
0.022	0.007	1.010	12606
0.025	0.008	1.000	12632
0.023	0.001	0.998	12658
0.022	0.006	1.005	12683
0.024	0.009	1.007	12708
0.028	0.002	1.001	12732
0.028	0.001	0.998	12753
0.021	0.007	0.993	12778
0.023	-0.001	0.999	12804
0.021	0.001	0.998	12827
0.022	0.004	0.998	12850
0.025	0.006	1.008	12873
0.025	0.002	1.005	12899
0.024	0.004	0.997	12921
0.023	0.010	1.003	12944
0.025	0.003	1.000	12968
0.024	0.009	0.996	12993
0.029	-0.001	1.000	13017
0.024	0.001	1.001	13039
0.026	0.003	1.005	13067
0.020	0.004	1.003	13090
0.022	0.014	0.996	13114
0.021	0.007	1.001	13138
0.029	0.003	1.001	13161
0.025	0.011	1.007	13186
0.021	0.005	1.007	13209
0.026	0.011	1.004	13233
0.025	0.013	1.004	13256
0.023	0.007	1.002	13280
0.023	0.005	1.002	13303
0.023	0.009	1.004	13327
0.023	0.009	0.997	13350
0.025	0.004	1.003	13374
0.025	0.007	1.013	13398
0.027	0.003	1.008	13422
0.021	0.005	1.005	13445
0.024	0.006	0.999	13469
0.023	0.009	1.006	13493
0.028	0.003	0.998	13516
0.028	0.003	1.008	13542
0.029	0.004	1.003	13566
0.023	0.010	0.997	13592
0.023	0.006	0.996	13618
0.024	0.010	1.005	13661
0.024	-0.004	1.002	13685
0.021	0.001	1.008	13712
0.027	0.002	1.006	13735
0.025	0.007	1.004	13758
0.028	0.007	0.997	13783
0.023	0.005	1.008	13807
0.026	-0.004	1.005	13832
0.021	0.015	1.008	13854
0.027	0.005	1.004	13878
0.002	0.130	0.996	13902
0.061	0.117	0.986	13926
-0.068	-0.034	1.171	13948
0.088	0.033	1.103	13973
0.051	0.549	-0.436	13998
0.145	-0.243	0.845	14022
0.066	0.213	0.993	14047
-0.007	0.596	0.924	14072
-0.063	0.389	1.000	14097
-0.022	0.437	0.860	14120
0.100	0.584	0.857	14142
0.066	0.443	0.856	14168
-0.001	0.814	0.899	14192
0.022	1.095	0.603	14215
-0.357	0.972	0.475	14237
-0.010	0.687	0.634	14263
0.115	1.034	0.615	14287
0.017	0.816	0.541	14310
0.030	1.372	0.502	14332
-0.092	1.355	0.289	14358
-0.051	1.013	0.154	14383
-0.089	1.230	0.911	14406
-0.029	0.439	-0.151	14429
-0.102	1.146	0.291	14454
-0.084	1.021	-0.269	14480
-0.249	1.033	-0.182	14503
-0.131	0.650	-0.583	14529
-0.178	0.660	-0.521	14555
-0.121	0.858	-0.584	14579
-0.056	0.712	-0.703	14603
-0.173	0.688	-0.568	14626
-0.094	0.837	-0.505	14652
0.073	0.714	-0.626	14676
0.024	0.849	-0.251	14699
-0.047	0.608	-0.533	14724
-0.029	-0.204	-2.000	14749
-0.463	1.999	-0.674	14774
-0.071	0.536	-1.104	14796
-0.209	0.343	-0.931	14821
-0.338	0.436	-0.849	14846
-0.104	0.478	-0.823	14871
-0.178	0.418	-0.807	14895
0.215	-0.459	-0.687	14919
0.047	0.342	-0.719	14944
-0.043	0.359	-0.989	14968
-0.079	0.291	-0.949	14995
-0.055	0.224	-0.927	15020
-0.028	0.185	-0.938	15044
0.025	0.177	-1.035	15068
0.002	0.081	-0.977	15091
0.004	-0.022	-0.985	15116
-0.003	0.095	-0.992	15140
0.038	0.021	-1.012	15164
-0.005	-0.042	-0.971	15188
-0.002	-0.171	-0.964	15213
0.027	0.029	-0.935	15238
0.297	-0.081	-0.972	15261
-0.027	-0.028	-0.985	15287
0.002	-0.047	-0.984	15310
0.023	-0.046	-0.988	15335
0.007	-0.036	-0.985	15358
0.012	-0.038	-0.981	15383
0.004	-0.029	-0.982	15408
0.010	-0.021	-0.982	15432
0.001	-0.019	-0.987	15460
0.005	-0.018	-0.982	15484
0.006	-0.012	-0.991	15509
0.007	-0.025	-0.982	15541
0.008	-0.021	-0.989	15566
0.003	-0.027	-0.979	15589
0.007	-0.027	-0.979	15612
0.008	-0.041	-0.974	15639
0.006	-0.038	-0.986	15665
0.004	-0.034	-0.978	15688
0.005	-0.027	-0.991	15711
0.009	-0.021	-0.985	15737
0.008	-0.017	-0.988	15762
0.008	-0.033	-0.990	15785
0.003	-0.027	-0.979	15808
0.002	-0.024	-0.979	15835
0.006	-0.021	-0.989	15859
0.004	-0.016	-0.984	15883
0.003	-0.024	-0.977	15905
0.007	-0.022	-0.979	15935
0.003	-0.020	-0.979	15959
0.009	-0.017	-0.986	15982
0.003	-0.025	-0.980	16007
0.005	-0.024	-0.976	16032
0.007	-0.027	-0.986	16056
-0.003	-0.019	-0.983	16079
0.005	-0.018	-0.988	16104
0.005	-0.012	-0.981	16130
0.008	-0.021	-0.987	16154
0.005	-0.022	-0.984	16177
0.009	-0.016	-0.985	16201
0.006	-0.014	-0.987	16227
0.010	-0.021	-0.979	16251
0.008	-0.011	-0.987	16276
0.011	-0.022	-0.982	16321
0.007	-0.017	-0.985	16348
0.002	-0.018	-0.983	16372
-0.002	-0.015	-0.985	16396
0.008	-0.014	-0.983	16423
0.005	-0.011	-0.986	16449
0.006	-0.012	-0.982	16474
0.009	-0.011	-0.985	16498
-0.001	-0.011	-0.977	16523
0.011	-0.012	-0.990	16547
0.007	-0.006	-0.980	16571
-0.001	-0.002	-0.983	16596
0.007	-0.006	-0.988	16621
0.005	-0.009	-0.987	16645
0.000	-0.017	-0.984	16669
0.008	-0.004	-0.985	16694
0.005	-0.003	-0.979	16718
0.006	-0.005	-0.981	16743
0.003	-0.006	-0.986	16766
0.004	-0.001	-0.986	16791
0.009	-0.003	-0.983	16816
0.003	-0.008	-0.991	16840
0.008	-0.007	-0.979	16864
0.002	0.000	-0.988	16900
0.005	-0.013	-0.976	16925
0.007	-0.007	-0.978	16949
0.001	-0.002	-0.983	16975
0.005	-0.004	-0.984	17003
0.002	-0.007	-0.985	17029
0.006	-0.003	-0.983	17052
0.006	-0.001	-0.986	17078
0.001	-0.006	-0.980	17104
0.005	-0.010	-0.979	17130
0.005	-0.006	-0.984	17154
0.005	-0.009	-0.986	17179
0.000	-0.015	-0.984	17206
0.003	-0.001	-0.983	17231
0.010	-0.009	-0.984	17255
0.001	-0.008	-0.985	17281
0.004	-0.009	-0.983	17307
0.001	-0.007	-0.988	17332
0.006	-0.004	-0.985	17356
0.005	-0.007	-0.988	17385
0.003	-0.008	-0.988	17411
0.005	-0.007	-0.976	17436
0.006	-0.004	-0.987	17462
0.006	0.001	-0.981	17487
0.002	0.001	-0.985	17513
0.002	-0.001	-0.986	17538
0.006	-0.001	-0.986	17563
0.007	-0.002	-0.984	17589
0.009	-0.001	-0.984	17614
0.006	0.000	-0.984	17639
0.005	-0.002	-0.982	17665
0.003	-0.001	-0.982	17690
0.001	-0.002	-0.981	17715
0.006	0.001	-0.985	17740
0.000	-0.003	-0.980	17765
0.000	-0.007	-0.984	17790
0.009	-0.001	-0.990	17816
0.006	-0.001	-0.988	17842
0.003	0.004	-0.989	17870
0.006	-0.004	-0.982	17894
0.003	-0.005	-0.982	17920
0.002	0.001	-0.988	17946
0.007	-0.001	-0.986	17971
0.003	-0.004	-0.983	17995
0.008	-0.004	-0.992	18021
0.007	-0.004	-0.973	18048
0.002	-0.001	-0.983	18072
0.002	-0.001	-0.986	18097
0.006	-0.003	-0.989	18122
0.004	-0.002	-0.983	18149
0.005	-0.012	-0.985	18173
-0.001	0.000	-0.985	18198
0.006	0.005	-0.981	18223
0.006	-0.002	-0.981	18249
-0.001	-0.002	-0.989	18275
0.005	-0.005	-0.982	18299
0.002	0.000	-0.983	18324
0.006	-0.001	-0.982	18355
0.003	-0.002	-0.984	18378
0.000	0.000	-0.983	18402
0.007	0.003	-0.988	18428
0.006	-0.002	-0.982	18455
0.002	-0.004	-0.980	18481
0.008	0.004	-0.986	18512
0.005	-0.002	-0.986	18538
0.008	0.004	-0.980	18565
0.006	0.003	-0.981	18590
0.001	0.000	-0.986	18614
0.006	0.000	-0.980	18639
0.009	0.002	-0.983	18665
0.004	-0.001	-0.984	18691
0.008	0.004	-0.981	18714
0.003	-0.002	-0.987	18740
0.008	-0.003	-0.979	18766
0.004	0.000	-0.984	18791
0.000	0.001	-0.979	18814
0.001	0.000	-0.986	18840
0.007	-0.004	-0.987	18870
0.008	0.004	-0.984	18894
0.005	-0.004	-0.993	18918
0.008	0.004	-0.985	18945
0.008	-0.001	-0.995	18971
0.005	-0.001	-0.984	18996
0.008	-0.002	-0.983	19041
0.004	-0.005	-0.994	19068
0.006	0.000	-0.989	19095
0.009	-0.005	-0.982	19120
0.003	-0.002	-0.979	19143
0.006	-0.001	-0.991	19171
0.011	-0.009	-0.988	19198
0.002	-0.003	-0.989	19222
0.004	-0.004	-0.981	19247
0.006	-0.002	-0.989	19273
0.007	-0.004	-0.990	19300
0.008	0.004	-0.978	19323
0.000	-0.001	-0.982	19347
0.010	-0.002	-0.978	19379
0.007	-0.009	-0.982	19403
0.006	-0.001	-0.982	19428
0.014	0.001	-0.982	19453
0.006	-0.001	-0.984	19480
0.005	-0.002	-0.982	19506
0.003	0.001	-0.988	19529
0.006	-0.003	-0.982	19555
0.003	0.001	-0.983	19581
-0.001	0.000	-0.986	19606
0.006	-0.002	-0.984	19631
0.006	-0.002	-0.981	19656
0.006	-0.001	-0.982	19683
0.006	-0.003	-0.980	19707
0.002	-0.001	-0.990	19732
0.001	-0.002	-0.981	19758
0.009	-0.001	-0.982	19784
-0.001	-0.005	-0.982	19810
0.004	-0.002	-0.984	19833
0.008	-0.002	-0.981	19858
0.005	0.000	-0.980	19885
0.008	0.000	-0.985	19909
0.007	-0.003	-0.992	19933
0.002	-0.005	-0.984	19958
-0.001	-0.002	-0.981	19986
0.005	-0.002	-0.985	20011
0.003	-0.004	-0.984	20035
0.009	-0.001	-0.979	20061
0.000	-0.007	-0.984	20087
0.001	-0.010	-0.979	20112
0.004	-0.002	-0.988	20136
0.006	-0.002	-0.986	20162
0.002	0.001	-0.984	20188
0.008	0.001	-0.982	20213
0.008	-0.003	-0.985	20237
0.008	-0.004	-0.984	20262
0.004	0.001	-0.992	20289
0.006	0.002	-0.989	20314
0.005	-0.003	-0.990	20341
0.001	-0.002	-0.986	20367
0.008	-0.005	-0.986	20392
0.003	-0.003	-0.981	20418
0.006	-0.005	-0.982	20444
-0.001	-0.008	-0.986	20469
0.002	-0.001	-0.986	20494
0.005	-0.004	-0.983	20519
0.004	0.001	-0.979	20545
0.000	-0.001	-0.986	20570
0.003	-0.003	-0.979	20595
0.001	0.008	-0.984	20620
0.004	0.001	-0.985	20645
0.010	-0.001	-0.979	20671
0.006	0.003	-0.982	20696
-0.002	-0.003	-0.982	20721
0.006	-0.003	-0.984	20747
0.003	-0.005	-0.991	20772
0.005	-0.005	-0.982	20798
0.011	-0.006	-0.985	20827
0.006	-0.003	-0.980	20852
0.004	-0.004	-0.982	20876
0.007	-0.006	-0.986	20901
0.004	-0.006	-0.987	20928
0.002	-0.003	-0.984	20953
0.006	-0.001	-0.984	20977
0.004	-0.005	-0.987	21003
0.001	-0.004	-0.993	21029
0.003	-0.006	-0.989	21054
0.007	-0.008	-0.986	21079
0.003	-0.006	-0.979	21104
0.005	-0.003	-0.991	21131
0.005	-0.004	-0.993	21155
0.006	-0.007	-0.979	21180
0.006	-0.005	-0.977	21206
0.009	-0.002	-0.983	21232
0.005	-0.005	-0.976	21257
0.004	-0.001	-0.986	21281
0.003	-0.006	-0.983	21310
0.003	-0.005	-0.974	21337
0.007	0.002	-0.986	21361
0.005	-0.009	-0.982	21385
0.009	-0.005	-0.989	21412
0.006	-0.001	-0.988	21439
0.004	-0.006	-0.983	21465
0.002	-0.004	-0.985	21498
0.004	0.000	-0.979	21525
0.001	-0.002	-0.984	21552
0.003	0.000	-0.979	21576
0.000	-0.013	-0.978	21600
0.005	0.001	-0.987	21627
-0.001	-0.001	-0.980	21654
0.002	-0.002	-0.986	21678
0.009	-0.004	-0.979	21702
0.006	-0.001	-0.982	21729
0.000	-0.001	-0.985	21755
0.007	-0.002	-0.985	21780
0.003	-0.001	-0.978	21828
0.003	-0.002	-0.988	21856
0.007	-0.004	-0.987	21881
0.007	-0.002	-0.990	21906
0.006	-0.002	-0.990	21932
0.008	-0.003	-0.979	21958
0.007	-0.001	-0.982	21985
0.001	0.000	-0.984	22008
0.007	0.005	-0.982	22033
0.001	-0.007	-0.983	22060
0.002	0.000	-0.983	22085
0.002	0.003	-0.979	22109
0.005	-0.005	-0.989	22134
0.006	-0.004	-0.981	22161
0.006	0.001	-0.985	22185
0.004	-0.001	-0.981	22210
0.005	0.000	-0.987	22235
0.002	-0.006	-0.985	22261
0.003	-0.001	-0.979	22287
0.009	-0.010	-0.980	22315
0.006	0.002	-0.980	22339
0.000	-0.003	-0.984	22365
0.004	0.000	-0.988	22389
0.006	-0.004	-0.979	22415
0.004	0.003	-0.990	22439
-0.001	-0.001	-0.995	22466
0.006	0.004	-0.983	22491
0.005	-0.002	-0.976	22516
0.006	0.004	-0.982	22541
0.003	-0.008	-0.983	22566
0.003	-0.005	-0.976	22592
0.005	-0.005	-0.991	22618
0.008	-0.002	-0.984	22642
0.006	-0.005	-0.983	22668
0.004	-0.004	-0.988	22692
0.002	-0.004	-0.983	22718
0.005	-0.006	-0.986	22744
0.002	-0.006	-0.986	22769
0.003	-0.008	-0.987	22798
0.008	-0.005	-0.984	22823
0.005	-0.005	-0.988	22847
0.005	-0.005	-0.989	22873
0.002	-0.005	-0.976	22899
0.009	-0.004	-0.987	22924
0.011	-0.004	-0.982	22948
0.004	-0.002	-0.986	22974
0.001	-0.001	-0.985	23001
0.004	-0.002	-0.986	23025
0.007	0.000	-0.981	23049
0.006	-0.001	-0.985	23074
0.007	-0.003	-0.989	23101
0.004	-0.005	-0.982	23127
0.004	0.000	-0.981	23150
0.011	0.000	-0.985	23175
0.003	0.002	-0.983	23201
0.005	0.002	-0.981	23226
0.007	0.006	-0.985	23249
0.003	0.001	-0.984	23275
0.003	-0.001	-0.986	23306
0.005	0.003	-0.990	23329
0.007	0.001	-0.979	23353
0.006	-0.002	-0.981	23380
0.008	-0.002	-0.981	23407
0.002	0.002	-0.984	23432
0.002	0.000	-0.983	23455
0.000	0.001	-0.989	23482
0.003	-0.006	-0.985	23507
0.004	-0.003	-0.981	23532
0.003	0.001	-0.983	23556
0.006	0.001	-0.985	23582
0.004	-0.001	-0.985	23609
0.007	0.001	-0.976	23632
0.003	0.004	-0.987	23656
0.000	0.001	-0.977	23683
0.007	0.000	-0.977	23708
0.004	0.001	-0.983	23732
0.008	0.003	-0.985	23756
0.006	-0.003	-0.985	23786
0.003	0.000	-0.982	23812
0.008	0.003	-0.986	23835
0.000	0.001	-0.983	23860
0.012	0.007	-0.982	23886
0.003	0.006	-0.985	23911
0.008	0.007	-0.986	23934
0.001	0.007	-0.993	23960
0.008	0.000	-0.982	23987
0.021	0.006	-0.959	24011
0.005	-0.001	-0.985	24035
0.008	-0.126	-0.984	24060
0.009	0.011	-0.979	24087
0.004	0.005	-0.985	24112
0.004	0.005	-0.987	24135
0.005	0.001	-0.992	24161
0.005	0.008	-0.988	24186
0.003	0.008	-0.983	24211
0.005	0.012	-0.985	24236
0.007	0.020	-0.991	24260
0.004	-0.021	-0.975	24290
0.012	0.009	-0.987	24314
0.005	0.020	-0.969	24339
-0.001	-0.012	-0.973	24365
0.004	0.019	-0.987	24391
-0.002	0.021	-0.983	24425
0.007	0.028	-0.981	24452
-0.002	0.042	-0.964	24477
0.000	0.038	-0.984	24503
0.005	0.043	-0.969	24527
0.014	0.084	-0.989	24555
-0.024	0.038	-0.979	24601
-0.065	0.165	-0.974	24627
-0.080	0.010	-1.049	24653
-0.068	0.172	-0.978	24679
-0.071	-0.243	-1.163	24705
-0.081	0.164	-0.994	24730
-0.061	0.102	-0.956	24756
-0.104	0.110	-0.954	24782
-0.095	0.052	-0.942	24810
-0.156	0.140	-1.012	24836
-0.148	0.152	-0.987	24862
-0.133	0.167	-0.940	24887
-0.123	0.174	-0.963	24911
-0.132	0.175	-1.000	24937
-0.140	0.213	-0.939	24964
-0.147	0.236	-0.948	24989
-0.177	0.311	-0.858	25013
-0.206	0.273	-0.934	25038
-0.172	0.272	-0.943	25065
-0.148	0.290	-1.001	25091
-0.151	0.327	-0.930	25114
-0.085	0.835	-0.770	25140
-0.040	0.451	-0.904	25166
-0.091	0.481	-0.894	25192
-0.053	0.535	-0.828	25216
-0.078	0.683	-0.845	25241
0.021	0.585	-0.650	25268
-0.027	0.490	-0.616	25295
-0.021	0.886	-0.677	25320
-0.123	1.028	-0.805	25348
-0.005	0.427	-0.556	25374
0.057	0.841	-0.369	25398
0.107	0.413	-0.613	25421
-0.381	0.694	-0.233	25449
0.122	0.702	-0.137	25475
0.131	1.025	-0.073	25498
0.035	0.999	0.290	25522
0.048	1.013	-0.071	25548
0.018	1.081	0.138	25574
-0.012	1.146	0.073	25598
0.181	0.992	0.070	25622
0.110	1.007	0.064	25648
0.045	1.019	0.102	25673
0.007	1.013	0.112	25697
0.010	1.013	0.105	25720
0.011	1.017	0.080	25747
0.021	1.010	0.093	25773
0.011	1.012	0.118	25798
-0.005	1.009	0.126	25824
0.016	1.004	0.133	25849
0.019	1.011	0.126	25874
0.017	1.014	0.110	25897
0.015	1.009	0.118	25922
0.012	1.015	0.124	25949
0.016	1.014	0.127	25972
0.010	1.002	0.099	25996
0.026	1.010	0.112	26021
0.020	1.021	0.099	26047
0.013	1.004	0.082	26072
0.020	1.020	0.065	26095
0.014	1.022	0.137	26120
0.017	1.020	0.063	26145
0.017	1.028	0.067	26170
0.021	1.008	0.070	26193
0.009	1.032	0.075	26219
-0.003	0.996	0.057	26245
0.020	1.025	0.040	26269
0.010	1.027	0.054	26297
0.016	1.022	-0.001	26321
0.013	1.025	0.025	26346
0.012	1.021	0.065	26371
0.015	1.011	-0.001	26396
0.018	1.017	0.008	26421
0.015	1.018	0.000	26445
0.015	1.013	0.018	26470
0.006	1.015	0.016	26494
0.010	1.016	0.008	26519
0.015	1.019	-0.022	26545
0.016	1.018	-0.009	26569
0.014	1.012	0.004	26594
0.014	1.018	-0.002	26619
0.008	1.012	-0.006	26644
0.008	1.020	-0.021	26670
0.011	1.013	-0.017	26694
0.013	1.021	-0.017	26719
0.015	1.019	-0.011	26744
0.017	1.013	-0.016	26769
0.017	1.018	-0.013	26798
0.010	1.018	-0.021	26821
0.006	1.018	-0.014	26847
0.008	1.015	-0.023	26873
0.016	1.012	-0.014	26898
0.016	1.016	0.009	26921
0.010	1.016	-0.001	26946
0.013	1.021	-0.006	26973
0.012	1.021	-0.029	26997
0.014	1.023	-0.010	27021
0.011	1.010	-0.010	27046
0.012	1.022	-0.025	27073
0.012	1.021	-0.025	27098
0.011	1.015	-0.016	27121
0.014	1.021	-0.018	27147
0.013	1.013	-0.012	27172
0.013	1.023	-0.018	27198
0.022	1.015	-0.011	27222
0.013	1.028	-0.014	27246
0.010	1.021	-0.019	27273
0.018	1.015	-0.019	27303
0.015	1.018	-0.012	27360
0.015	1.011	0.001	27386
0.012	1.016	-0.015	27412
0.016	1.012	-0.008	27436
0.015	1.024	-0.012	27462
0.006	1.017	-0.019	27490
0.012	1.011	-0.016	27515
0.015	1.013	-0.018	27539
0.013	1.020	-0.019	27564
0.012	1.026	-0.007	27590
0.010	1.018	-0.006	27615
0.015	1.021	-0.020	27639
0.016	1.021	-0.014	27664
0.015	1.024	-0.021	27691
0.013	1.013	-0.011	27715
0.009	1.017	-0.010	27739
0.011	1.017	-0.015	27764
0.008	1.017	-0.014	27790
0.009	1.020	-0.020	27817
0.006	1.022	-0.013	27843
0.013	1.019	-0.013	27868
0.007	1.014	-0.005	27893
0.014	1.015	-0.013	27918
0.013	1.015	-0.017	27943
0.011	1.026	-0.005	27968
0.011	1.013	-0.003	27993
0.015	1.021	-0.011	28018
0.014	1.021	-0.017	28043
0.012	1.021	-0.002	28068
0.014	1.019	-0.011	28093
0.015	1.021	-0.006	28118
0.012	1.011	-0.007	28143
0.016	1.021	-0.011	28168
0.013	1.007	-0.012	28193
0.010	1.014	-0.010	28218
0.010	1.014	-0.014	28243
0.013	1.023	-0.003	28268
0.009	1.017	-0.011	28294
0.014	1.016	-0.011	28322
0.015	1.023	-0.007	28347
0.011	1.019	-0.017	28370
0.009	1.020	-0.009	28396
0.016	1.020	-0.011	28422
0.015	1.019	-0.014	28447
0.013	1.019	-0.017	28471
0.015	1.011	-0.015	28495
0.013	1.025	-0.018	28522
0.013	1.021	-0.016	28547
0.008	1.018	-0.017	28571
0.014	1.019	-0.012	28596
0.015	1.019	-0.015	28622
0.014	1.018	-0.016	28647
0.008	1.021	-0.021	28670
0.010	1.018	-0.013	28696
0.011	1.016	-0.026	28723
0.013	1.018	-0.025	28747
0.013	1.014	-0.023	28771
0.016	1.016	-0.007	28796
0.016	1.027	-0.012	28826
0.016	1.020	-0.019	28851
0.014	1.021	-0.011	28874
0.009	1.020	-0.011	28901
0.005	1.020	-0.017	28926
0.017	1.018	-0.017	28950
0.015	1.013	-0.008	28974
0.012	1.014	-0.015	29000
0.016	1.013	-0.011	29027
0.011	1.016	-0.008	29050
0.014	1.019	-0.004	29074
0.016	1.013	-0.009	29101
0.010	1.019	-0.021	29127
0.013	1.023	-0.018	29151
0.015	1.010	-0.003	29174
0.013	1.019	-0.006	29201
0.014	1.009	-0.016	29227
0.014	1.023	-0.014	29251
0.015	1.016	-0.005	29275
0.008	1.014	-0.009	29301
0.007	1.021	-0.012	29329
0.016	1.021	-0.007	29353
0.011	1.020	-0.009	29379
0.012	1.018	-0.017	29406
0.016	1.022	-0.010	29431
0.014	1.018	-0.007	29455
0.014	1.016	-0.021	29479
0.013	1.016	-0.009	29506
0.015	1.019	-0.004	29531
0.009	1.018	-0.010	29554
0.014	1.011	-0.016	29580
0.016	1.017	-0.009	29606
0.015	1.019	-0.002	29631
0.015	1.014	-0.010	29655
0.011	1.021	-0.008	29679
0.012	1.012	-0.005	29706
0.014	1.019	-0.008	29730
0.015	1.018	-0.016	29754
0.013	1.018	-0.005	29779
0.015	1.012	-0.014	29808
0.010	1.011	-0.008	29833
0.012	1.019	-0.008	29858
0.016	1.018	-0.002	29883
0.016	1.009	-0.007	29908
0.012	1.020	-0.010	29933
0.012	1.012	-0.005	29959
0.014	1.016	-0.012	29983
0.013	1.018	-0.016	30008
0.014	1.014	-0.011	30033
0.017	1.016	-0.005	30059
0.016	1.020	-0.006	30105
0.015	1.015	-0.006	30132
0.015	1.017	-0.003	30156
0.005	1.020	-0.002	30182
0.006	1.016	-0.017	30206
0.008	1.020	-0.014	30234
0.011	1.014	-0.018	30271
0.012	1.020	-0.026	30296
0.013	1.025	-0.011	30319
0.017	1.015	-0.016	30351
0.016	1.021	-0.008	30375
0.017	1.020	-0.011	30399
0.014	1.011	-0.009	30425
0.007	1.023	-0.022	30450
0.013	1.019	-0.015	30476
0.016	1.013	-0.012	30499
0.010	1.021	-0.007	30524
0.013	1.017	-0.005	30551
0.014	1.020	-0.011	30575
0.009	1.015	-0.009	30600
0.015	1.013	-0.007	30624
0.016	1.012	-0.009	30651
0.012	1.017	-0.014	30675
0.011	1.020	-0.003	30699
0.011	1.021	-0.006	30725
0.011	1.019	-0.006	30750
0.015	1.023	-0.013	30776
0.011	1.023	-0.006	30799
0.013	1.013	-0.002	30824
0.009	1.026	0.003	30853
0.014	1.015	-0.005	30877
0.016	1.017	-0.006	30903
0.013	1.016	-0.003	30927
0.012	1.015	-0.012	30953
0.016	1.014	-0.008	30978
0.012	1.022	-0.007	31002
0.014	1.018	-0.014	31028
0.012	1.014	-0.004	31052
0.014	1.018	-0.006	31077
0.014	1.017	-0.007	31102
0.019	1.019	-0.014	31127
0.018	1.014	-0.009	31153
0.012	1.020	-0.004	31177
0.015	1.019	-0.006	31203
0.018	1.014	-0.005	31227
0.013	1.022	-0.001	31252
0.010	1.021	-0.004	31277
0.015	1.015	-0.013	31302
0.012	1.017	-0.007	31330
0.014	1.013	-0.015	31354
0.007	1.017	-0.005	31381
0.018	1.020	-0.017	31407
0.010	1.018	-0.014	31430
0.014	1.013	-0.008	31456
0.016	1.015	-0.014	31481
0.016	1.013	-0.016	31506
0.014	1.021	-0.017	31531
0.009	1.018	-0.015	31555
0.016	1.019	-0.016	31582
0.013	1.014	-0.019	31606
0.013	1.021	-0.020	31630
0.019	1.020	-0.018	31655
0.008	1.018	-0.017	31682
0.015	1.013	-0.011	31707
0.017	1.021	-0.018	31730
0.008	1.018	-0.017	31756
0.013	1.017	-0.009	31781
0.014	1.022	-0.021	31807
0.013	1.022	-0.023	31833
0.012	1.021	-0.019	31859
0.016	1.017	-0.019	31885
0.006	1.020	-0.023	31908
0.014	1.021	-0.015	31932
0.018	1.021	-0.002	31959
0.010	1.019	-0.011	31985
0.014	1.014	-0.015	32009
0.012	1.012	-0.032	32032
0.016	1.021	-0.008	32059
0.013	1.018	-0.009	32084
0.013	1.021	-0.017	32109
0.011	1.014	-0.021	32133
0.015	1.016	-0.018	32159
0.013	1.021	-0.023	32185
0.011	1.011	-0.015	32208
0.009	1.010	-0.017	32232
0.015	1.020	-0.014	32260
0.010	1.011	-0.008	32285
0.014	1.018	-0.018	32309
0.012	1.011	-0.010	32336
0.012	1.013	-0.008	32363
0.016	1.017	-0.016	32388
0.013	1.019	-0.012	32411
0.008	1.011	-0.017	32437
0.017	1.017	-0.013	32462
0.016	1.019	-0.006	32487
0.012	1.016	-0.002	32512
0.014	1.022	-0.012	32536
0.020	1.019	-0.011	32563
0.015	1.020	-0.013	32587
0.013	1.013	-0.009	32611
0.012	1.015	-0.021	32636
0.013	1.021	-0.015	32663
0.011	1.016	-0.017	32688
0.013	1.016	-0.009	32711
0.011	1.016	-0.010	32737
0.013	1.016	-0.003	32762
0.013	1.023	-0.012	32788
0.013	1.016	-0.009	32846
0.014	1.016	-0.015	32873
0.014	1.015	-0.018	32897
0.014	1.015	-0.001	32920
0.010	1.018	-0.009	32948
0.018	1.016	-0.011	32974
0.010	1.023	-0.007	32998
0.012	1.019	-0.003	33021
0.010	1.011	-0.009	33048
0.012	1.021	-0.008	33075
0.009	1.018	-0.012	33099
0.012	1.015	-0.006	33135
0.010	1.016	-0.008	33161
0.014	1.020	-0.007	33185
0.016	1.013	-0.017	33211
0.016	1.016	-0.009	33236
0.009	1.017	-0.010	33262
0.010	1.021	-0.021	33287
0.016	1.021	-0.017	33312
0.013	1.014	-0.017	33337
0.014	1.016	-0.018	33364
0.016	1.019	-0.014	33392
0.009	1.016	-0.007	33418
0.015	1.018	-0.014	33441
0.011	1.016	-0.023	33466
0.010	1.021	-0.010	33494
0.013	1.016	-0.008	33519
0.014	1.021	-0.015	33543
0.011	1.023	-0.022	33567
0.013	1.017	-0.014	33594
0.009	1.017	-0.009	33618
0.013	1.020	-0.018	33642
0.012	1.011	-0.022	33668
0.017	1.016	-0.017	33693
0.009	1.009	-0.016	33719
0.014	1.017	-0.012	33742
0.010	1.014	-0.013	33767
0.010	1.019	-0.011	33794
0.009	1.021	-0.019	33818
0.016	1.016	-0.021	33843
0.014	1.011	-0.011	33866
0.009	1.016	-0.008	33892
0.014	1.028	-0.013	33916
0.011	1.021	-0.018	33941
0.017	1.019	-0.017	33966
0.013	1.016	-0.009	33992
0.015	1.014	-0.005	34017
0.014	1.022	-0.015	34040
0.013	1.019	-0.009	34066
0.010	1.017	-0.011	34092
0.014	1.018	-0.020	34117
0.015	1.021	0.001	34140
0.007	1.015	-0.007	34165
0.017	1.026	-0.016	34192
0.017	1.020	-0.010	34216
0.015	1.022	-0.010	34240
0.014	1.021	-0.011	34265
0.016	1.021	-0.008	34291
0.013	1.021	-0.015	34316
0.011	1.016	-0.015	34340
0.013	1.021	-0.008	34369
0.014	1.016	-0.010	34395
0.011	1.013	-0.016	34418
0.010	1.020	-0.010	34442
0.014	1.013	-0.009	34468
0.015	1.016	-0.005	34494
0.013	1.025	-0.019	34519
0.008	1.012	-0.011	34542
0.008	1.016	-0.018	34569
0.012	1.023	-0.012	34594
0.014	1.012	-0.014	34618
0.013	1.021	-0.015	34641
0.010	1.020	-0.006	34668
0.012	1.022	-0.013	34695
0.015	1.022	-0.007	34718
0.012	1.013	-0.008	34742
0.015	1.015	-0.009	34768
0.015	1.020	-0.012	34794
0.012	1.021	-0.007	34818
0.013	1.008	-0.005	34845
0.009	1.020	-0.016	34872
0.013	1.011	-0.007	34896
0.015	1.015	-0.008	34920
0.012	1.012	-0.007	34946
0.014	1.023	-0.004	34971
0.014	1.026	0.007	34996
0.013	1.019	0.000	35019
0.012	1.021	-0.001	35045
0.012	1.021	-0.002	35070
0.008	1.014	0.003	35095
0.015	1.013	-0.017	35120
0.012	1.024	-0.007	35144
0.003	1.024	-0.007	35171
0.010	1.016	-0.005	35195
0.012	1.014	-0.007	35219
0.020	1.013	-0.006	35245
0.018	1.025	0.000	35270
0.013	1.014	0.002	35295
0.012	1.013	-0.002	35318
0.011	1.020	-0.011	35347
0.015	1.023	0.003	35372
0.018	1.015	0.004	35396
-0.001	1.032	-0.027	35422
0.005	1.020	0.033	35447
0.007	1.024	0.036	35472
0.002	1.014	0.008	35496
0.000	1.013	0.070	35522
-0.004	1.130	0.074	35568
-0.026	1.099	0.087	35595
-0.046	1.095	0.111	35619
-0.035	0.951	0.203	35645
0.007	0.918	0.178	35670
-0.037	1.065	0.187	35695
-0.027	0.992	0.259	35721
0.046	0.909	0.314	35746
0.045	0.913	0.263	35770
0.020	1.018	0.296	35795
0.044	0.958	0.383	35820
0.133	0.835	0.466	35845
0.127	0.867	0.456	35871
0.145	0.796	0.458	35897
0.149	0.855	0.534	35922
0.104	0.940	0.560	35947
0.167	0.903	0.584	35972
0.187	0.788	0.498	36008
0.108	0.872	0.605	36033
0.174	0.929	0.611	36059
0.150	0.769	0.574	36084
0.129	0.787	0.615	36109
0.150	1.025	0.710	36133
0.263	0.693	0.729	36158
0.161	0.626	0.715	36183
0.148	0.572	0.805	36208
0.485	0.471	0.850	36233
0.104	0.380	0.887	36257
-0.088	0.403	0.890	36282
0.124	0.385	0.937	36307
0.170	0.310	0.859	36332
0.169	0.229	0.907	36357
0.145	0.072	1.046	36381
-0.104	0.105	0.916	36409
0.264	0.062	0.874	36434
0.288	-0.063	0.976	36459
-0.035	-0.070	1.069	36484
0.093	-0.061	1.033	36508
0.094	-0.232	1.001	36535
0.105	-0.219	0.978	36559
0.107	-0.298	1.015	36583
0.199	-0.464	0.928	36609
0.145	-0.383	0.898	36635
0.130	-0.456	0.884	36660
0.126	-0.439	0.851	36683
0.058	-0.505	0.837	36709
0.127	-0.655	0.825	36734
0.027	-0.383	0.538	36760
0.062	-0.765	0.688	36784
0.121	-0.740	0.609	36809
0.076	-0.817	0.553	36835
0.082	-0.864	0.523	36860
0.086	-0.868	0.529	36886
0.131	-0.882	0.491	36913
0.085	-0.914	0.352	36938
0.052	-0.913	0.405	36963
0.065	-0.953	0.396	36986
0.050	-0.945	0.375	37013
0.071	-0.912	0.313	37039
0.081	-0.953	0.270	37062
0.108	-0.982	0.314	37086
0.076	-1.002	0.275	37112
0.100	-0.975	0.201	37139
0.102	-0.939	0.200	37163
0.114	-0.878	0.091	37186
0.115	-0.459	0.469	37213
0.076	-0.965	0.172	37239
0.107	-0.960	0.184	37263
0.079	-1.099	0.047	37286
0.080	-0.978	0.127	37313
0.091	-0.998	0.122	37339
0.041	-1.003	0.122	37363
0.085	-0.993	0.115	37391
0.066	-0.976	0.165	37417
0.180	-1.022	0.139	37442
0.054	-0.996	0.117	37466
0.062	-0.993	0.121	37491
0.059	-1.003	0.121	37519
0.031	-0.994	0.128	37543
0.050	-0.996	0.109	37567
0.049	-1.006	0.089	37593
0.037	-1.005	0.086	37618
0.046	-1.008	0.081	37643
0.044	-0.998	0.075	37667
0.041	-1.012	0.061	37692
0.026	-1.003	0.064	37719
0.035	-0.996	0.042	37743
0.030	-1.002	0.063	37767
0.030	-1.007	0.046	37792
0.016	-1.017	0.049	37818
0.214	-1.004	0.047	37842
0.030	-1.000	0.036	37867
0.023	-1.005	0.037	37895
0.021	-1.002	0.035	37920
0.016	-1.010	0.045	37945
0.017	-1.007	0.024	37970
0.021	-1.001	0.030	37995
0.016	-1.001	0.036	38020
0.021	-1.008	0.025	38045
0.016	-1.005	0.024	38070
0.021	-1.004	0.024	38094
0.014	-1.000	0.034	38120
0.017	-1.002	0.044	38145
0.015	-1.005	0.032	38170
0.021	-1.001	0.037	38195
0.022	-1.003	0.036	38219
0.021	-1.008	0.033	38244
0.018	-1.013	0.021	38270
0.019	-1.003	0.006	38317
0.021	-1.004	0.009	38342
0.020	-1.010	0.009	38368
0.017	-1.004	0.010	38396
0.021	-1.001	-0.001	38420
0.017	-1.004	0.003	38446
0.020	-1.000	0.010	38473
0.016	-1.006	0.006	38498
0.020	-1.011	0.010	38521
0.022	-1.003	0.016	38547
0.020	-1.005	0.020	38573
0.019	-1.007	0.006	38597
0.021	-1.006	0.004	38621
0.014	-1.004	0.011	38646
0.018	-1.008	0.012	38672
0.021	-1.001	0.007	38697
0.017	-0.999	0.005	38721
0.019	-1.001	0.002	38746
0.019	-1.008	-0.001	38772
0.021	-1.000	0.003	38797
0.018	-1.007	0.002	38822
0.018	-1.007	-0.004	38860
0.020	-1.010	0.000	38888
0.015	-1.003	-0.001	38916
0.023	-1.012	0.005	38939
0.017	-1.002	-0.002	38967
0.024	-1.007	-0.009	38993
0.021	-1.004	0.000	39017
0.019	-1.000	-0.004	39041
0.017	-1.003	0.004	39067
0.016	-1.004	-0.006	39093
0.015	-1.004	-0.002	39117
0.019	-0.999	-0.003	39141
0.021	-1.002	-0.003	39168
0.017	-1.004	-0.004	39194
0.017	-0.997	-0.012	39219
0.016	-1.001	-0.005	39242
0.020	-1.004	-0.005	39269
0.021	-1.009	-0.003	39296
0.021	-1.005	0.000	39319
0.018	-1.001	-0.005	39343
0.016	-1.007	0.001	39369
0.020	-1.005	0.000	39398
0.021	-0.999	-0.007	39421
0.019	-0.996	-0.008	39448
0.020	-1.006	-0.006	39475
0.017	-1.004	-0.005	39499
0.023	-1.001	-0.014	39524
0.015	-0.998	-0.001	39549
0.016	-1.005	-0.009	39575
0.026	-1.004	-0.007	39601
0.019	-1.001	-0.004	39624
0.016	-1.006	0.002	39650
0.030	-1.011	0.000	39676
0.033	-1.003	0.001	39701
0.018	-1.007	-0.008	39725
0.018	-0.999	-0.001	39750
0.020	-1.009	-0.009	39777
0.019	-1.015	-0.016	39802
0.017	-1.003	-0.010	39826
0.019	-1.003	-0.016	39852
0.017	-1.008	-0.009	39880
0.019	-1.002	-0.010	39906
0.022	-1.007	-0.011	39931
0.024	-1.010	-0.015	39956
0.020	-1.004	-0.001	39982
0.019	-1.000	-0.017	40007
0.014	-1.012	-0.019	40032
0.019	-0.997	-0.010	40057
0.020	-1.000	-0.007	40083
0.021	-1.000	-0.008	40108
0.023	-1.006	-0.011	40133
0.009	-1.003	-0.010	40159
0.017	-1.005	-0.002	40184
0.017	-1.001	0.002	40209
0.021	-1.006	-0.006	40235
0.017	-1.001	-0.001	40259
0.017	-1.008	-0.006	40285
0.015	-0.999	-0.018	40310
0.021	-0.999	-0.017	40336
0.019	-1.007	-0.010	40363
0.021	-1.001	-0.013	40388
0.018	-1.001	-0.010	40415
0.020	-1.006	-0.009	40440
0.017	-1.001	-0.002	40464
0.021	-0.999	-0.006	40489
0.024	-1.013	-0.006	40516
0.021	-1.000	-0.006	40541
0.020	-1.005	-0.003	40565
0.017	-1.004	-0.012	40591
0.019	-1.007	-0.003	40616
0.019	-1.003	-0.002	40642
0.021	-1.001	-0.001	40667
0.017	-1.005	-0.015	40691
0.021	-1.007	-0.017	40718
0.013	-1.001	-0.001	40743
0.016	-1.004	-0.004	40767
0.017	-1.002	-0.009	40793
0.020	-1.015	-0.011	40819
0.016	-1.000	0.003	40847
0.018	-1.004	-0.001	40870
0.022	-1.004	-0.012	40897
0.020	-1.001	0.000	40924
0.023	-1.001	0.004	40947
0.019	-1.003	-0.004	40971
0.020	-1.006	-0.011	40997
0.019	-1.005	-0.003	41024
0.016	-1.001	-0.009	41050
0.018	-1.002	-0.006	41095
0.017	-1.006	-0.011	41122
0.017	-1.005	-0.015	41150
0.018	-1.002	-0.006	41174
0.016	-1.006	-0.001	41198
0.015	-1.007	-0.001	41226
0.019	-1.007	-0.017	41252
0.016	-1.007	-0.003	41277
0.020	-1.000	-0.003	41300
0.021	-1.006	-0.006	41328
0.020	-1.004	-0.002	41357
0.019	-1.002	0.002	41380
0.017	-1.008	-0.002	41407
0.020	-1.008	0.000	41434
0.017	-1.002	-0.007	41458
0.018	-1.011	-0.001	41483
0.019	-1.007	0.002	41508
0.014	-1.010	-0.002	41535
0.018	-0.998	0.001	41561
0.018	-1.001	0.006	41584
0.019	-1.005	0.003	41609
0.021	-1.005	0.008	41635
0.022	-1.001	-0.002	41662
0.015	-1.006	-0.002	41701
0.012	-1.005	-0.003	41728
0.019	-0.999	0.006	41752
0.019	-1.009	0.004	41777
0.017	-1.003	-0.004	41803
0.018	-1.000	0.001	41829
0.018	-1.004	0.004	41854
0.019	-1.001	-0.004	41884
0.020	-1.003	-0.004	41909
0.023	-1.002	-0.001	41933
0.018	-1.001	-0.006	41959
0.018	-1.001	-0.001	41986
0.015	-1.003	-0.002	42010
0.025	-1.004	-0.002	42035
0.017	-1.004	-0.003	42060
0.015	-1.004	0.004	42087
0.018	-1.004	0.002	42112
0.017	-1.000	-0.003	42136
0.020	-1.005	-0.003	42161
0.017	-1.007	0.002	42187
0.018	-0.999	0.001	42213
0.022	-1.003	0.000	42236
0.018	-1.005	-0.007	42262
0.017	-1.001	0.012	42289
0.018	-1.007	-0.005	42313
0.019	-1.009	0.004	42338
0.021	-1.006	0.000	42366
0.021	-1.006	0.000	42392
0.021	-1.000	0.006	42417
0.019	-1.004	-0.001	42440
0.016	-1.007	0.002	42467
0.014	-0.999	0.004	42493
0.016	-1.010	0.005	42517
0.014	-1.005	-0.002	42541
0.021	-0.998	0.012	42567
0.021	-1.005	0.002	42594
0.022	-1.003	-0.005	42617
0.021	-1.004	-0.004	42642
0.016	-1.001	-0.006	42669
0.017	-1.004	0.004	42695
0.021	-1.010	0.000	42719
0.017	-1.010	-0.009	42743
0.014	-0.997	-0.004	42770
0.022	-1.007	0.012	42797
0.017	-1.002	0.003	42820
0.018	-0.999	0.004	42848
0.019	-0.999	-0.001	42874
0.016	-0.999	-0.003	42900
0.017	-0.998	0.005	42924
0.021	-1.006	-0.004	42949
0.016	-1.001	0.002	42976
0.020	-1.006	0.004	43000
0.020	-1.005	0.006	43024
0.017	-1.000	0.009	43049
0.019	-1.002	0.010	43076
0.017	-0.998	0.007	43101
0.019	-1.003	0.006	43124
0.024	-1.005	0.011	43150
0.016	-1.004	0.010	43176
0.019	-1.007	0.011	43201
0.015	-1.029	-0.010	43225
0.020	-1.001	0.021	43250
0.022	-0.996	0.019	43277
0.018	-1.007	0.014	43301
0.018	-1.003	0.024	43325
0.017	-1.003	0.024	43354
0.018	-1.000	0.024	43379
0.015	-0.999	0.031	43404
0.019	-1.006	0.019	43430
0.017	-1.003	0.018	43455
0.022	-1.006	0.022	43481
0.018	-1.001	0.005	43505
0.019	-1.005	0.008	43531
0.018	-1.005	0.020	43555
0.019	-0.994	0.022	43581
0.017	-1.005	0.013	43606
0.020	-1.004	0.009	43631
0.017	-1.001	0.011	43656
0.017	-1.005	0.027	43681
0.019	-1.003	0.012	43706
0.017	-1.002	0.011	43731
0.020	-1.004	0.015	43756
0.018	-1.011	0.006	43782
0.022	-1.002	0.013	43806
0.021	-1.012	0.016	43833
0.016	-1.006	0.039	43882
0.016	-0.992	0.012	43908
0.021	-1.000	0.013	43935
0.017	-1.003	0.007	43960
0.031	-1.004	0.007	43983
0.013	-1.004	-0.001	44010
0.019	-1.010	-0.008	44038
0.013	-1.005	-0.008	44063
0.017	-0.998	-0.007	44087
0.014	-1.010	-0.005	44112
0.021	-1.005	-0.011	44139
0.012	-1.018	-0.044	44165
0.002	-1.005	0.013	44188
0.027	-1.003	0.023	44214
0.024	-1.004	0.012	44240
0.017	-0.997	-0.008	44266
0.014	-1.008	0.012	44290
0.004	-1.010	0.021	44314
0.018	-1.001	0.019	44341
0.020	-1.005	0.013	44368
0.021	-1.003	0.004	44392
0.019	-1.005	0.004	44419
0.039	-1.001	0.011	44445
0.020	-1.004	0.015	44470
0.018	-1.005	-0.003	44510
0.016	-1.005	0.017	44536
0.021	-1.011	0.012	44561
0.017	-1.005	-0.047	44585
0.007	-1.062	0.051	44611
0.056	-1.000	0.020	44639
0.021	-1.011	0.026	44663
0.020	-1.003	0.034	44688
0.019	-1.002	0.026	44712
0.019	-1.003	0.026	44739
0.016	-1.001	0.024	44765
0.021	-1.008	0.028	44788
0.019	-1.003	0.025	44813
0.016	-1.009	0.021	44839
0.021	-0.999	0.025	44865
0.018	-1.003	0.025	44893
0.018	-1.007	0.020	44917
0.023	-1.005	0.023	44943
0.020	-1.008	0.025	44967
0.018	-0.999	0.030	44993
0.019	-1.008	0.016	45018
0.020	-1.009	0.027	45042
0.021	-1.000	0.030	45068
0.016	-1.012	0.035	45092
0.020	-1.005	0.014	45118
0.017	-1.003	0.020	45143
0.020	-1.006	0.025	45168
0.019	-1.007	0.023	45193
0.017	-1.006	0.022	45218
0.020	-1.005	0.018	45243
0.018	-1.006	0.004	45268
0.015	-1.004	0.005	45294
0.019	-1.005	0.011	45319
0.021	-1.005	-0.001	45344
0.016	-1.005	0.020	45373
0.020	-1.000	0.020	45399
0.017	-1.004	0.028	45422
0.021	-1.003	0.025	45448
0.024	-1.007	0.018	45475
0.013	-1.003	0.006	45501
0.016	-1.005	0.001	45524
0.021	-1.005	0.005	45550
0.021	-1.000	0.016	45576
0.018	-1.008	0.007	45601
0.007	-0.996	0.021	45625
0.021	-1.013	0.041	45650
0.018	-1.003	0.018	45676
0.012	-1.003	0.010	45702
0.016	-1.005	0.011	45725
0.017	-1.000	-0.002	45751
0.016	-1.007	-0.004	45777
0.021	-1.004	0.015	45802
0.020	-1.007	0.023	45826
0.028	-1.015	0.027	45851
0.000	-1.001	0.003	45881
0.018	-1.012	-0.019	45905
0.015	-0.994	-0.027	45929
0.023	-1.012	-0.023	45957
0.208	-0.832	-0.012	45983
0.179	-0.972	0.035	46007
0.012	-1.016	0.123	46030
0.400	-0.503	0.297	46057
-0.204	-0.997	0.447	46084
0.295	-0.955	-0.090	46108
0.192	-0.986	0.268	46132
0.060	-1.006	0.215	46158
-0.417	-0.929	0.521	46185
0.001	-0.985	0.244	46209
-0.179	-1.020	0.278	46233
-0.026	-0.983	0.195	46260
-0.110	-1.266	0.404	46286
-0.009	-1.102	0.249	46311
-0.069	-1.018	0.264	46334
-0.049	-0.985	0.116	46365
-0.062	-0.268	0.451	46390
0.161	-0.859	0.214	46414
0.055	-0.946	0.236	46439
0.052	-0.932	0.145	46466
0.111	-0.981	0.166	46490
0.224	-0.873	0.245	46515
0.328	-1.016	0.133	46539
0.480	-0.885	0.084	46566
0.388	-0.787	0.115	46590
0.496	-0.793	0.090	46616
0.502	-0.772	0.019	46662
0.655	-0.568	0.122	46690
0.720	-0.510	0.089	46715
0.702	-0.527	0.039	46739
0.967	-0.519	0.073	46765
0.880	-0.392	0.074	46791
0.879	-0.320	0.050	46817
0.906	-0.326	0.033	46840
0.985	-0.311	0.039	46866
0.954	-0.194	0.017	46895
1.003	-0.167	0.021	46920
0.917	-0.145	0.063	46945
1.010	-0.081	0.026	46969
0.991	-0.092	-0.010	46995
0.993	-0.074	-0.032	47021
0.959	-0.023	0.075	47046
0.859	-0.071	-0.080	47071
1.029	-0.196	-0.121	47096
1.090	-0.285	-0.137	47122
1.115	-0.127	-0.081	47148
1.015	-0.057	-0.078	47173
0.975	0.049	0.022	47198
0.840	-0.057	-0.074	47223
1.029	-0.063	-0.056	47249
1.078	-0.002	-0.053	47273
0.990	0.020	-0.009	47300
0.956	0.041	-0.023	47342
1.006	0.038	-0.038	47366
1.031	0.045	0.002	47393
0.999	0.087	0.015	47420
1.007	0.140	0.025	47444
1.019	0.103	0.018	47468
0.962	0.104	0.021	47494
1.013	0.126	0.040	47519
1.041	0.101	0.029	47544
1.035	0.103	0.021	47567
0.957	0.102	0.027	47592
1.010	0.116	0.022	47619
1.018	0.104	0.011	47643
0.986	0.085	-0.015	47667
0.971	0.099	-0.001	47692
1.003	0.099	0.000	47718
1.018	0.082	0.019	47742
1.005	0.081	0.000	47766
0.990	0.081	0.006	47791
1.000	0.092	0.026	47817
1.003	0.090	0.024	47841
1.006	0.083	0.017	47864
1.007	0.080	0.003	47893
1.012	0.074	0.006	47919
1.000	0.075	0.015	47943
1.009	0.087	0.015	47968
0.992	0.089	0.012	47992
1.010	0.086	0.025	48017
1.007	0.065	-0.002	48041
1.013	0.074	0.013	48067
0.999	0.073	0.002	48092
1.006	0.078	0.017	48116
0.999	0.091	0.015	48141
1.010	0.073	0.012	48165
0.992	0.085	0.020	48191
0.997	0.079	0.020	48216
1.010	0.075	0.023	48240
1.005	0.072	0.011	48265
1.008	0.065	0.017	48289
1.017	0.074	0.023	48314
0.993	0.072	0.025	48338
0.999	0.071	0.028	48364
1.001	0.068	0.009	48389
1.021	0.067	0.019	48415
1.023	0.059	0.018	48442
1.023	0.064	0.015	48466
1.007	0.052	0.021	48490
1.016	0.057	0.022	48515
1.017	0.055	0.021	48540
1.009	0.057	0.016	48565
1.009	0.062	0.014	48588
1.019	0.056	0.018	48613
0.992	0.053	0.021	48640
1.005	0.064	0.032	48664
1.008	0.058	0.021	48687
1.009	0.055	0.003	48712
1.011	0.063	0.023	48738
1.002	0.062	0.025	48762
1.018	0.050	0.015	48786
1.011	0.049	0.015	48811
1.008	0.061	0.017	48837
1.001	0.065	0.022	48862
1.007	0.071	0.014	48885
1.010	0.051	0.006	48921
1.011	0.045	0.022	48946
1.012	0.041	0.027	48970
1.014	0.047	0.021	48995
1.014	0.051	0.021	49020
0.998	0.050	0.018	49045
1.004	0.064	0.051	49071
1.014	0.061	0.055	49095
1.026	0.058	0.039	49120
1.009	0.058	0.047	49144
1.007	0.049	0.034	49169
1.021	0.046	0.046	49193
1.000	0.040	0.051	49219
1.008	0.064	0.047	49244
0.997	0.060	0.057	49268
1.005	0.050	0.053	49293
1.010	0.045	0.046	49319
1.013	0.063	0.055	49366
1.011	0.056	0.057	49391
1.009	0.053	0.070	49416
1.006	0.051	0.054	49441
1.004	0.051	0.071	49468
1.009	0.054	0.069	49494
1.014	0.030	0.050	49521
0.996	0.053	0.070	49547
1.005	0.047	0.068	49570
1.003	0.048	0.063	49595
1.007	0.039	0.073	49622
1.020	0.031	0.060	49646
1.013	0.044	0.063	49670
0.995	0.048	0.061	49694
1.010	0.047	0.061	49721
1.005	0.045	0.057	49745
0.996	0.049	0.059	49768
1.015	0.040	0.051	49794
0.999	0.049	0.059	49819
1.005	0.054	0.065	49844
1.004	0.048	0.063	49867
1.000	0.047	0.066	49892
1.011	0.034	0.062	49917
1.007	0.048	0.055	49943
1.013	0.052	0.049	49969
0.996	0.048	0.057	49995
1.014	0.047	0.066	50021
1.009	0.048	0.063	50045
1.014	0.041	0.056	50085
1.012	0.049	0.050	50111
0.996	0.043	0.057	50138
1.012	0.053	0.070	50163
1.006	0.053	0.055	50186
1.009	0.046	0.063	50211
1.005	0.048	0.063	50237
1.003	0.043	0.061	50262
0.992	0.053	0.050	50285
1.019	0.048	0.049	50310
1.005	0.045	0.059	50336
1.018	0.049	0.051	50361
1.005	0.061	0.051	50384
0.993	0.043	0.055	50409
1.012	0.047	0.053	50436
1.006	0.047	0.062	50460
1.000	0.060	0.057	50483
1.007	0.049	0.044	50506
1.006	0.057	0.050	50533
1.005	0.059	0.057	50557
1.013	0.053	0.063	50581
1.001	0.051	0.050	50606
1.001	0.061	0.057	50632
1.006	0.046	0.047	50657
1.010	0.049	0.053	50680
1.012	0.049	0.063	50705
1.007	0.058	0.052	50731
0.999	0.059	0.070	50755
1.014	0.058	0.054	50779
1.003	0.042	0.049	50803
1.014	0.045	0.059	50830
1.009	0.053	0.061	50854
0.999	0.062	0.063	50878
1.005	0.050	0.051	50903
1.012	0.049	0.056	50928
1.009	0.050	0.056	50954
1.013	0.048	0.075	50977
1.010	0.052	0.057	51005
0.999	0.051	0.071	51031
1.004	0.048	0.057	51054
1.010	0.043	0.053	51078
1.017	0.048	0.064	51104
1.004	0.056	0.068	51130
0.999	0.048	0.055	51153
1.006	0.044	0.055	51177
1.001	0.053	0.059	51203
0.998	0.046	0.065	51228
1.010	0.049	0.055	51252
1.001	0.041	0.050	51275
1.009	0.054	0.049	51302
1.007	0.051	0.048	51328
1.007	0.050	0.052	51351
1.005	0.047	0.048	51375
1.011	0.040	0.051	51401
1.002	0.047	0.049	51427
0.998	0.048	0.052	51450
1.010	0.052	0.057	51474
0.998	0.050	0.058	51500
1.007	0.041	0.043	51528
1.002	0.047	0.060	51552
1.000	0.048	0.058	51577
1.022	0.051	0.057	51604
1.007	0.036	0.035	51629
1.007	0.078	0.003	51652
1.034	0.060	0.058	51677
0.997	0.047	0.056	51702
1.013	0.041	0.049	51727
1.016	0.047	0.059	51750
1.014	0.058	0.067	51776
1.002	0.052	0.065	51802
1.012	0.048	0.064	51826
1.011	0.053	0.055	51850
1.008	0.049	0.063	51874
1.008	0.054	0.072	51900
1.008	0.055	0.059	51924
1.009	0.048	0.064	51948
1.014	0.056	0.063	51974
1.000	0.047	0.066	51999
1.002	0.050	0.061	52026
1.004	0.046	0.047	52052
1.012	0.057	0.063	52098
1.006	0.053	0.064	52123
1.003	0.054	0.059	52149
1.009	0.058	0.053	52173
1.004	0.044	0.061	52198
1.009	0.049	0.058	52224
1.007	0.050	0.064	52249
1.001	0.056	0.054	52274
1.005	0.045	0.060	52298
1.014	0.050	0.061	52323
1.007	0.055	0.070	52347
1.001	0.063	0.071	52372
1.000	0.046	0.062	52397
1.017	0.049	0.060	52422
1.017	0.040	0.055	52447
1.002	0.052	0.061	52471
1.008	0.057	0.063	52496
1.005	0.051	0.064	52520
1.003	0.058	0.058	52545
1.005	0.053	0.060	52574
1.008	0.054	0.066	52597
0.999	0.055	0.063	52622
1.011	0.054	0.063	52647
1.009	0.044	0.059	52673
1.012	0.051	0.063	52696
1.006	0.049	0.050	52721
1.010	0.045	0.056	52747
1.003	0.047	0.047	52771
1.008	0.062	0.057	52796
1.011	0.060	0.059	52838
0.998	0.056	0.060	52862
1.018	0.056	0.059	52888
1.008	0.039	0.057	52913
1.016	0.063	0.056	52938
0.999	0.050	0.053	52963
1.005	0.047	0.053	52987
1.017	0.048	0.057	53012
1.009	0.056	0.061	53037
0.996	0.058	0.052	53061
1.000	0.051	0.055	53090
1.012	0.056	0.056	53113
0.995	0.058	0.063	53138
0.996	0.053	0.068	53164
1.014	0.049	0.050	53188
1.005	0.046	0.042	53212
1.011	0.047	0.054	53236
1.005	0.044	0.050	53263
1.010	0.050	0.052	53287
1.015	0.051	0.057	53311
0.999	0.046	0.053	53336
1.010	0.045	0.061	53361
1.013	0.059	0.056	53386
1.006	0.049	0.046	53409
1.009	0.047	0.059	53434
1.003	0.038	0.061	53460
1.006	0.044	0.063	53485
1.012	0.052	0.061	53509
1.006	0.044	0.060	53533
1.007	0.051	0.058	53559
1.008	0.048	0.058	53583
1.009	0.033	0.041	53609
1.006	0.049	0.057	53637
1.010	0.045	0.063	53663
0.997	0.041	0.046	53686
1.004	0.046	0.056	53709
1.015	0.042	0.052	53737
1.008	0.044	0.061	53763
1.005	0.041	0.064	53786
1.002	0.047	0.047	53810
1.009	0.044	0.061	53835
1.006	0.045	0.060	53861
1.019	0.049	0.057	53884
1.004	0.045	0.045	53908
1.012	0.046	0.049	53935
1.004	0.053	0.051	53960
1.011	0.046	0.061	53984
1.007	0.051	0.041	54007
1.015	0.042	0.056	54033
1.011	0.050	0.059	54059
1.009	0.047	0.053	54082
1.001	0.051	0.061	54110
1.003	0.054	0.061	54135
1.009	0.040	0.068	54160
1.000	0.047	0.067	54183
0.998	0.051	0.065	54208
1.008	0.052	0.054	54235
1.000	0.051	0.054	54259
0.997	0.061	0.059	54283
0.999	0.050	0.059	54307
1.017	0.047	0.051	54333
1.011	0.057	0.062	54358
1.008	0.055	0.060	54381
0.989	0.056	0.057	54406
1.001	0.048	0.063	54432
1.012	0.044	0.064	54457
1.007	0.039	0.050	54479
1.005	0.047	0.058	54505
1.011	0.048	0.065	54531
1.005	0.047	0.060	54555
1.015	0.044	0.057	54579
1.016	0.049	0.061	54603
1.001	0.041	0.055	54632
1.021	0.046	0.058	54657
1.013	0.024	0.066	54681
1.019	0.044	0.056	54706
1.015	0.026	0.049	54730
1.034	0.040	0.053	54755
1.031	0.025	0.059	54781
1.013	0.139	0.100	54828
0.978	0.075	0.042	54853
1.040	0.029	-0.047	54878
1.032	0.066	0.024	54903
1.001	0.027	-0.004	54928
1.018	0.101	0.021	54953
1.000	0.072	0.025	54979
0.981	0.032	0.034	55004
0.995	0.084	0.034	55028
1.046	0.011	-0.034	55054
1.179	-0.042	0.101	55078
1.068	-0.030	0.126	55103
1.119	-0.101	0.219	55129
1.006	-0.023	0.187	55156
0.938	-0.002	0.206	55182
0.915	0.066	0.225	55206
0.951	0.002	0.334	55230
0.966	0.096	0.408	55255
0.987	0.063	0.452	55281
0.894	0.102	0.827	55306
0.944	0.094	0.612	55329
0.884	0.129	0.667	55354
0.767	0.106	0.751	55379
0.613	0.170	0.611	55404
0.579	0.201	0.714	55428
0.588	0.229	0.828	55452
0.568	-0.017	1.142	55479
0.621	0.101	0.820	55503
0.423	-0.190	1.055	55529
0.449	-0.073	0.872	55571
0.293	0.101	0.988	55598
0.257	-0.018	1.059	55623
0.202	0.076	1.032	55647
0.220	-0.111	0.990	55676
0.627	0.085	0.795	55703
0.345	-0.231	1.583	55727
0.441	-2.000	1.204	55750
-0.021	0.304	0.847	55778
-0.143	-0.067	0.976	55804
-0.029	0.014	1.088	55829
0.062	-0.046	1.020	55853
0.063	0.235	0.823	55879
-0.091	-0.022	1.102	55905
0.056	-0.096	1.096	55929
-0.005	-0.054	0.895	55953
-0.354	0.012	1.043	55980
0.019	-0.060	1.106	56006
0.199	0.111	0.812	56030
0.881	0.048	1.053	56053
-0.635	-0.004	0.994	56080
-0.210	0.035	0.802	56105
-0.169	0.107	0.842	56130
-0.288	0.180	0.832	56154
-0.386	0.248	0.967	56178
-0.473	0.146	0.878	56205
-0.402	0.167	0.807	56228
0.168	0.152	0.925	56252
-0.463	0.306	0.816	56279
-0.421	0.119	0.861	56305
-0.541	0.096	0.762	56329
-0.430	0.087	0.850	56352
-0.554	0.179	0.849	56379
-0.639	0.081	0.812	56406
-0.612	-0.010	0.882	56429
-0.573	0.042	0.832	56454
-0.679	0.037	0.732	56480
-0.653	0.070	0.740	56506
-0.649	0.084	0.736	56530
-0.712	0.070	0.772	56554
-0.690	0.046	0.784	56581
-0.660	0.110	0.655	56606
-0.641	0.075	0.750	56631
-0.724	0.123	0.594	56658
-0.850	0.119	0.604	56685
-0.560	0.212	0.466	56710
-0.737	0.172	0.478	56733
-0.758	0.117	0.476	56759
-0.925	0.076	0.429	56785
-0.860	0.101	0.463	56810
-0.949	0.200	0.474	56834
-0.823	0.201	0.288	56859
-0.908	0.086	0.307	56886
-0.879	0.206	0.389	56910
-0.854	0.171	0.323	56934
-0.974	0.048	0.465	56960
-0.837	0.156	0.400	56986
-0.763	0.168	0.391	57011
-1.060	0.202	0.319	57034
-0.919	0.330	0.336	57060
-0.915	0.176	0.442	57086
-0.946	0.102	0.318	57111
-0.928	0.073	0.255	57135
-0.890	0.049	0.379	57164
-0.976	0.043	0.323	57189
-0.944	0.152	0.269	57213
-0.969	0.080	0.210	57239
-0.974	0.128	0.248	57265
-1.031	0.114	0.204	57289
-0.925	0.083	0.210	57314
-0.914	0.024	0.153	57339
-0.940	0.100	0.159	57365
-1.046	0.089	0.138	57390
-0.993	0.057	0.107	57414
-0.972	0.015	0.067	57440
-0.995	0.055	0.080	57464
-0.994	-0.024	0.021	57490
-0.985	-0.082	0.071	57516
-1.050	0.004	0.069	57542
-1.049	-0.021	0.015	57588
-1.027	-0.051	0.034	57615
-0.946	-0.042	0.031	57640
-0.990	-0.083	-0.431	57667
-0.979	-0.021	0.294	57695
-0.998	-0.065	-0.100	57721
-1.004	0.022	-0.112	57749
-1.058	0.007	-0.133	57776
-0.964	-0.004	-0.106	57799
-1.104	0.079	-0.116	57825
-0.938	-0.038	-0.273	57852
-0.935	0.031	-0.086	57878
-1.014	0.053	-0.100	57902
-0.977	0.041	-0.033	57927
-0.736	0.089	-0.025	57954
-1.122	0.146	-0.099	57979
-1.037	0.100	-0.101	58003
-0.980	0.071	-0.085	58029
-0.952	0.059	-0.062	58055
-0.968	0.072	-0.070	58081
-1.006	0.108	-0.109	58105
-1.008	0.098	-0.084	58131
-1.012	0.107	-0.048	58161
-0.966	0.138	-0.059	58185
-1.017	0.084	-0.047	58209
-1.015	0.063	-0.071	58236
-0.952	0.114	-0.073	58262
-0.962	0.050	-0.083	58288
-1.019	0.064	-0.082	58332
-0.984	0.073	-0.060	58358
-1.009	0.065	-0.066	58384
-0.997	0.061	-0.092	58407
-0.993	0.072	-0.082	58434
-1.012	0.030	-0.091	58462
-0.989	0.062	-0.079	58487
-0.987	0.054	-0.079	58511
-0.981	0.060	-0.089	58536
-0.981	0.057	-0.097	58563
-0.950	0.045	-0.071	58589
-0.985	0.064	-0.066	58612
-1.012	0.069	-0.047	58638
-1.002	0.057	-0.099	58668
-0.995	0.051	-0.092	58692
-0.984	0.056	-0.071	58718
-1.000	0.062	-0.046	58743
-0.996	0.059	-0.071	58769
-0.988	0.050	-0.085	58795
-0.994	0.061	-0.091	58820
-0.995	0.061	-0.070	58846
-0.983	0.052	-0.084	58871
-0.999	0.057	-0.065	58896
-0.934	0.065	-0.068	58921
-1.010	0.056	-0.072	58947
-1.017	0.065	-0.047	58973
-0.982	0.054	-0.066	58998
-0.978	0.050	-0.071	59024
-1.006	-0.029	-0.127	59049
-0.986	0.063	-0.067	59075
-1.012	0.065	-0.055	59100
-0.968	0.045	-0.063	59125
-0.993	0.056	-0.061	59154
-1.001	0.076	-0.069	59179
-0.994	0.066	-0.050	59206
-1.012	0.066	-0.060	59231
-0.999	0.063	-0.072	59255
-0.993	0.064	-0.060	59281
-0.984	0.052	-0.055	59308
-0.996	0.067	-0.050	59333
-1.012	0.063	-0.058	59357
-0.987	0.060	-0.050	59382
-0.978	0.047	-0.070	59409
-1.007	0.058	-0.056	59435
-1.014	0.054	-0.045	59459
-0.992	0.054	-0.042	59485
-0.997	0.057	-0.056	59511
-1.008	0.059	-0.047	59536
-0.996	0.054	-0.042	59560
-0.988	0.041	-0.069	59586
-0.972	0.051	-0.049	59613
-1.010	0.058	-0.042	59640
-0.995	0.046	-0.041	59664
-0.980	0.048	-0.029	59693
-1.003	0.042	-0.047	59719
-0.988	0.037	-0.040	59743
-1.003	0.052	-0.035	59767
-1.058	0.048	-0.043	59795
-0.992	0.054	-0.030	59821
-0.988	0.047	-0.034	59845
-0.998	0.049	-0.041	59870
-1.015	0.057	-0.025	59896
-0.999	0.056	-0.024	59923
-0.984	0.050	-0.036	59947
-1.001	0.041	-0.038	59971
-0.999	0.044	-0.026	59998
-1.008	0.051	-0.037	60024
-1.011	0.048	-0.032	60048
-0.989	0.053	-0.039	60072
-0.998	0.052	-0.032	60099
-1.003	0.051	-0.044	60128
-1.009	0.054	-0.031	60151
-0.993	0.047	-0.032	60177
-1.000	0.054	-0.024	60204
-1.000	0.051	-0.036	60229
-1.001	0.058	-0.031	60254
-0.995	0.056	-0.038	60279
-0.997	0.053	-0.026	60306
-0.996	0.052	-0.041	60331
-1.000	0.056	-0.032	60356
-1.004	0.043	-0.028	60402
-0.996	0.051	-0.024	60430
-1.005	0.057	-0.030	60455
-1.000	0.050	-0.033	60480
-1.009	0.049	-0.040	60506
-0.997	0.047	-0.029	60533
-1.003	0.050	-0.029	60559
-0.982	0.049	-0.032	60582
-0.989	0.052	-0.052	60608
-1.013	0.050	-0.044	60638
-0.997	0.057	-0.032	60663
-0.985	0.048	-0.031	60689
-0.985	0.048	-0.032	60713
-0.993	0.050	-0.031	60739
-0.995	0.055	-0.028	60765
-1.006	0.050	-0.025	60790
-0.994	0.047	-0.021	60816
-1.006	0.048	-0.034	60841
-0.991	0.045	-0.043	60866
-1.008	0.044	-0.032	60892
-0.995	0.048	-0.032	60917
-1.008	0.050	-0.033	60943
-0.988	0.042	-0.035	60967
-1.000	0.050	-0.037	60993
-1.010	0.018	-0.053	61019
-0.985	0.031	-0.056	61045
-0.992	0.045	-0.036	61089
-0.999	0.050	-0.040	61116
-1.006	0.047	-0.027	61143
-1.004	0.048	-0.032	61170
-0.989	0.048	-0.032	61197
-1.005	0.046	-0.028	61221
-1.003	0.047	-0.031	61245
-1.005	0.046	-0.029	61273
-0.999	0.042	-0.029	61299
-0.996	0.045	-0.027	61323
-1.010	0.041	-0.039	61347
-1.003	0.050	-0.030	61374
-0.992	0.052	-0.027	61401
-1.004	0.049	-0.041	61424
-1.004	0.047	-0.039	61449
-0.992	0.043	-0.033	61475
-1.012	0.048	-0.038	61502
-1.008	0.035	-0.029	61527
-0.997	0.045	-0.027	61550
-1.008	0.048	-0.037	61578
-1.009	0.043	-0.033	61603
-1.001	0.047	-0.035	61630
-0.999	0.046	-0.034	61657
-0.998	0.038	-0.037	61684
-1.002	0.046	-0.035	61710
-0.994	0.041	-0.028	61733
-0.999	0.042	-0.045	61760
-0.995	0.052	-0.038	61788
-0.994	0.040	-0.037	61812
-0.991	0.044	-0.038	61837
-0.990	0.047	-0.031	61862
-1.008	0.045	-0.041	61889
-1.000	0.045	-0.041	61915
-1.003	0.047	-0.036	61938
-0.993	0.045	-0.029	61964
-0.995	0.048	-0.038	61990
-1.003	0.049	-0.032	62016
-0.996	0.044	-0.034	62040
-0.995	0.047	-0.035	62065
-1.007	0.048	-0.041	62092
-0.990	0.053	-0.027	62119
-0.992	0.048	-0.023	62146
-0.997	0.042	-0.031	62171
-1.000	0.047	-0.046	62196
-1.001	0.042	-0.031	62222
-1.003	0.044	-0.029	62247
-0.994	0.046	-0.036	62273
-0.993	0.041	-0.034	62299
-0.999	0.046	-0.035	62323
-0.998	0.042	-0.048	62349
-0.999	0.046	-0.039	62374
-0.985	0.044	-0.013	62400
-1.004	0.039	-0.041	62425
-1.007	0.047	-0.036	62450
-0.990	0.048	-0.023	62476
-0.991	0.047	-0.031	62501
-1.014	0.039	-0.037	62527
-0.998	0.050	-0.030	62553
-1.008	0.046	-0.029	62577
-0.987	0.042	-0.033	62606
-1.002	0.049	-0.036	62632
-1.010	0.043	-0.023	62657
-0.998	0.048	-0.025	62682
-1.006	0.044	-0.034	62707
-1.007	0.050	-0.021	62734
-0.994	0.047	-0.013	62759
-0.987	0.035	-0.030	62783
-0.998	0.042	-0.050	62809
-0.988	0.054	-0.025	62835
-1.004	0.051	-0.034	62861
-0.990	0.039	-0.038	62884
-1.001	0.053	-0.048	62910
-1.004	0.045	-0.034	62937
-0.989	0.044	-0.036	62962
-1.002	0.045	-0.043	62987
-1.010	0.053	-0.031	63011
-1.008	0.054	-0.037	63038
-0.995	0.046	-0.027	63064
-0.997	0.038	-0.032	63090
-1.000	0.053	-0.050	63117
-1.007	0.049	-0.022	63143
-0.988	0.034	-0.036	63168
-1.005	0.039	-0.026	63213
-1.012	0.042	-0.047	63242
-0.998	0.046	-0.037	63268
-1.022	0.044	-0.044	63292
-0.999	0.043	-0.044	63316
-0.989	-0.033	-0.036	63345
-1.006	0.037	-0.040	63372
-0.985	0.038	-0.042	63395
-1.021	0.033	-0.024	63420
-0.981	0.040	-0.036	63447
-0.994	0.044	-0.029	63473
-1.004	0.046	-0.048	63498
-1.012	0.057	-0.040	63521
-0.986	0.028	-0.038	63549
-0.989	0.036	-0.051	63575
-0.988	0.030	-0.043	63601
-1.009	0.037	-0.029	63628
-0.982	0.038	-0.046	63655
-1.005	0.044	-0.043	63680
-1.015	0.039	-0.041	63705
-1.008	0.027	-0.035	63731
-0.992	0.042	-0.035	63758
-0.991	0.048	-0.062	63784
-1.013	0.036	-0.053	63828
-1.012	0.049	-0.054	63853
-1.015	0.041	-0.042	63879
-0.960	0.023	-0.056	63906
-0.996	0.028	-0.046	63932
-1.006	0.041	-0.031	63956
-1.005	0.025	-0.048	63982
-0.984	0.028	-0.056	64009
-0.938	0.046	-0.043	64034
-1.008	0.036	-0.054	64058
-1.014	0.041	-0.045	64083
-1.006	0.046	-0.036	64114
-1.005	0.037	-0.042	64138
-0.996	0.039	-0.044	64162
-1.002	0.039	-0.039	64189
-0.997	0.038	-0.041	64216
-1.004	0.037	-0.045	64239
-1.005	0.033	-0.060	64264
-1.000	0.043	-0.033	64290
-0.993	0.041	-0.036	64317
-1.005	0.048	-0.056	64342
-0.988	0.039	-0.052	64365
-1.007	0.034	-0.056	64393
-1.007	0.044	-0.042	64419
-0.989	0.044	-0.056	64443
-1.002	0.032	-0.043	64467
-0.991	0.032	-0.060	64494
-1.005	0.039	-0.046	64521
-0.989	0.043	-0.053	64544
-1.004	0.040	-0.046	64569
-1.005	0.039	-0.056	64600
-1.005	0.044	-0.047	64625
-0.988	0.036	-0.044	64649
-1.002	0.045	-0.044	64674
-1.003	0.040	-0.051	64701
-0.997	0.035	-0.054	64727
-0.994	0.035	-0.048	64751
-1.004	0.038	-0.041	64776
-1.008	0.039	-0.046	64802
-0.987	0.037	-0.051	64828
-1.002	0.043	-0.035	64852
-1.003	0.036	-0.048	64878
-1.009	0.035	-0.050	64905
-1.006	0.036	-0.056	64929
-0.995	0.026	-0.041	64954
-1.002	0.037	-0.049	64979
-1.001	0.043	-0.058	65006
-1.005	0.040	-0.047	65032
-0.993	0.032	-0.050	65055
-0.999	0.041	-0.065	65094
-1.006	0.045	-0.051	65119
-0.998	0.045	-0.046	65142
-0.990	0.038	-0.055	65170
-1.005	0.038	-0.042	65197
-0.996	0.031	-0.047	65220
-1.006	0.037	-0.044	65245
-0.985	0.045	-0.060	65271
-1.004	0.038	-0.048	65298
-1.001	0.033	-0.043	65323
-0.995	0.035	-0.047	65346
-0.996	0.033	-0.054	65374
-0.998	0.040	-0.047	65399
-1.003	0.036	-0.037	65424
-1.007	0.041	-0.039	65448
-1.004	0.041	-0.040	65475
-0.984	0.040	-0.046	65502
-0.995	0.038	-0.053	65525
-0.998	0.036	-0.045	65550
-1.000	0.038	-0.047	65581
-0.999	0.054	-0.041	65606
-0.996	0.039	-0.040	65630
-1.002	0.035	-0.042	65656
-1.000	0.039	-0.041	65684
-1.006	0.044	-0.041	65709
-0.996	0.044	-0.046	65733
-1.005	0.036	-0.043	65759
-1.008	0.043	-0.046	65785
-1.000	0.047	-0.038	65810
-0.993	0.038	-0.032	65835
-0.992	0.037	-0.032	65860
-1.005	0.039	-0.042	65887
-0.989	0.035	-0.030	65911
-0.999	0.034	-0.041	65937
-1.003	0.045	-0.046	65984
-1.001	0.038	-0.040	66012
-0.986	0.036	-0.033	66037
-0.990	0.042	-0.032	66061
-0.995	0.044	-0.046	66085
-0.987	0.035	-0.032	66113
-0.997	0.035	-0.046	66139
-1.007	0.047	-0.044	66162
-0.995	0.041	-0.039	66188
-0.999	0.034	-0.037	66214
-0.999	0.040	-0.038	66240
-1.003	0.047	-0.046	66264
-1.007	0.037	-0.034	66289
-1.003	0.037	-0.041	66316
-0.982	0.031	-0.036	66341
-0.992	0.038	-0.037	66366
-1.005	0.045	-0.044	66392
-1.000	0.042	-0.047	66418
-1.003	0.044	-0.050	66443
-0.992	0.038	-0.041	66467
-0.992	0.034	-0.038	66493
-1.003	0.038	-0.052	66520
-1.004	0.040	-0.043	66546
-0.997	0.046	-0.033	66593
-0.997	0.034	-0.035	66620
-0.997	0.042	-0.036	66648
-0.999	0.040	-0.036	66673
-1.000	0.041	-0.042	66697
-0.991	0.039	-0.045	66722
-0.991	0.042	-0.047	66749
-1.009	0.042	-0.040	66774
-1.009	0.040	-0.044	66798
-0.998	0.036	-0.041	66824
-0.997	0.041	-0.043	66850
-1.003	0.035	-0.044	66875
-0.999	0.042	-0.047	66899
-1.000	0.040	-0.046	66925
-1.008	0.044	-0.038	66952
-1.002	0.035	-0.036	66976
-1.001	0.044	-0.047	67001
-1.000	0.043	-0.044	67026
-1.004	0.038	-0.033	67053
-0.991	0.034	-0.034	67081
-0.998	0.042	-0.044	67106
-0.998	0.044	-0.049	67132
-1.002	0.044	-0.030	67156
-0.993	0.037	-0.035	67182
-0.994	0.036	-0.047	67208
-1.009	0.041	-0.039	67232
-1.001	0.034	-0.045	67258
-1.004	0.037	-0.036	67283
-0.996	0.038	-0.042	67309
-1.007	0.040	-0.039	67335
-1.001	0.039	-0.037	67359
-0.993	0.039	-0.039	67385
-1.008	0.038	-0.034	67410
-0.992	0.037	-0.053	67436
-0.995	0.037	-0.033	67462
-1.005	0.044	-0.040	67486
-0.990	0.043	-0.041	67512
-0.990	0.036	-0.048	67537
-1.005	0.027	-0.046	67565
-0.986	0.054	-0.043	67593
-1.011	0.041	-0.035	67618
-1.014	0.044	-0.031	67643
-1.003	0.047	-0.018	67668
-0.987	0.032	-0.017	67694
-1.051	-0.033	-0.014	67720
-0.963	0.052	-0.005	67744
-1.005	0.066	0.040	67770
-0.980	0.017	0.056	67795
-0.936	0.306	0.154	67821
-1.069	0.116	0.112	67845
-0.998	0.188	0.304	67870
-1.071	0.102	-0.035	67897
-0.968	0.349	0.258	67921
-1.010	0.140	0.253	67945
-1.056	0.208	0.243	67971
-1.042	0.123	0.419	67997
-0.780	0.170	0.326	68022
-1.174	0.097	0.333	68048
-0.868	0.593	0.317	68075
-0.948	-0.105	0.462	68102
-1.599	0.331	0.431	68125
-0.884	0.231	0.007	68149
-1.243	0.638	0.556	68175
-1.100	0.407	0.256	68201
-0.705	0.254	0.367	68226
-1.063	0.267	0.449	68249
-0.826	0.084	0.258	68276
-0.890	0.299	0.309	68301
-0.694	0.330	0.303	68326
-0.884	0.242	0.406	68349
-0.984	0.328	0.141	68376
-0.787	0.551	0.269	68403
-0.870	0.320	0.435	68426
-0.994	0.321	0.655	68450
-1.477	0.761	0.077	68476
-0.621	0.134	0.169	68503
-0.644	0.837	0.444	68527
-0.169	0.294	0.209	68554
-0.475	1.127	0.566	68581
-1.652	0.038	0.667	68605
-0.884	0.628	0.632	68629
-0.982	0.203	0.528	68655
-0.635	0.407	0.527	68681
-0.801	0.489	0.486	68706
-0.788	0.563	0.423	68731
-0.774	0.505	0.348	68777
-0.752	0.513	0.429	68804
-0.765	0.527	0.455	68830
-0.754	0.522	0.429	68853
-0.752	0.504	0.374	68879
-0.749	0.504	0.377	68907
-0.747	0.524	0.428	68931
-0.753	0.500	0.443	68956
-0.720	0.498	0.437	68980
-0.769	0.500	0.456	69007
-0.759	0.562	0.398	69031
-0.779	0.489	0.400	69060
-0.706	0.505	0.354	69085
-0.767	0.506	0.415	69110
-0.729	0.544	0.432	69135
-0.765	0.531	0.471	69160
-0.737	0.513	0.382	69185
-0.742	0.506	0.341	69212
-0.729	0.572	0.495	69258
-0.782	0.531	0.429	69281
-0.717	0.511	0.354	69308
-0.752	0.516	0.398	69335
-0.748	0.553	0.445	69359
-0.760	0.527	0.431	69384
-0.754	0.506	0.385	69408
-0.732	0.530	0.396	69435
-0.784	0.507	0.427	69459
-0.738	0.505	0.423	69484
-0.763	0.507	0.436	69509
-0.757	0.514	0.419	69535
-0.765	0.497	0.411	69560
-0.753	0.480	0.412	69588
-0.743	0.504	0.421	69613
-0.747	0.510	0.429	69639
-0.761	0.511	0.449	69663
-0.761	0.563	0.401	69690
-0.798	0.492	0.402	69715
-0.722	0.497	0.403	69740
-0.748	0.479	0.455	69766
-0.723	0.525	0.445	69790
-0.756	0.589	0.396	69816
-0.782	0.523	0.372	69840
-0.750	0.505	0.398	69866
-0.764	0.503	0.414	69891
-0.762	0.515	0.439	69916
-0.742	0.517	0.424	69941
-0.776	0.520	0.460	69965
-0.794	0.480	0.374	69991
-0.728	0.479	0.351	70017
-0.756	0.512	0.429	70041
-0.750	0.521	0.481	70066
-0.731	0.524	0.477	70094
-0.754	0.563	0.404	70119
-0.801	0.486	0.356	70144
-0.726	0.519	0.378	70170
-0.730	0.522	0.469	70195
-0.780	0.507	0.487	70218
-0.744	0.466	0.463	70244
-0.680	0.506	0.344	70270
-0.764	0.428	0.353	70295
-0.729	0.521	0.460	70319
